"Block","Seatable_ID","Sample_N","Sample_Indicator","Genus_Species","Population","Collection_Location","Treatment","ShellHeight","ShellWidth","WetWeight","BuoyantWeight","PreTreatment_Respiration_MeasureDate","PreTreatment_Respiration","PostTreatment_Respiration_Measured","PostTreatment_Respiration","TreatmentDay1_Survived","TreatmentDay2_Survived","TreatmentDay3_Survived","Tissue_Collected","EggsProduced"
"01","T2","0002","CS_RI_LO_01_0002","littorina_obtusata","RI",NA,"CS",NA,NA,NA,NA,2019-07-01,NA,FALSE,NA,TRUE,TRUE,TRUE,FALSE,FALSE
"01","T1","0004","NT_RI_LL_01_0004","littorina_littorea","RI",NA,"NT",NA,NA,NA,NA,2019-07-01,NA,FALSE,NA,TRUE,TRUE,TRUE,FALSE,FALSE
"01","T1","0008","NT_RI_LL_01_0008","littorina_littorea","RI",NA,"NT",NA,NA,NA,NA,2019-07-01,NA,FALSE,NA,TRUE,TRUE,TRUE,FALSE,FALSE
"01","T2","0010","NT_MA_LS_01_0010","littorina_saxatalis","MA",NA,"NT",NA,NA,NA,NA,2019-07-01,NA,FALSE,NA,TRUE,TRUE,TRUE,FALSE,FALSE
"01","T3","0021","CS_MA_LS_01_0021","littorina_saxatalis","MA",NA,"CS",NA,NA,NA,NA,2019-07-01,NA,FALSE,NA,TRUE,TRUE,TRUE,FALSE,FALSE
"01","T3","0029","CS_RI_LS_01_0029","littorina_saxatalis","RI",NA,"CS",NA,NA,NA,NA,2019-07-01,NA,FALSE,NA,TRUE,TRUE,TRUE,FALSE,FALSE
"01","T2","0036","CS_MA_LO_01_0036","littorina_obtusata","MA",NA,"CS",NA,NA,NA,NA,2019-07-01,NA,FALSE,NA,TRUE,TRUE,TRUE,FALSE,FALSE
"01","T2","0042","HS_RI_LS_01_0042","littorina_saxatalis","RI",NA,"HS",NA,NA,NA,NA,2019-07-01,NA,FALSE,NA,TRUE,TRUE,TRUE,FALSE,FALSE
"01","T2","0045","NT_RI_LS_01_0045","littorina_saxatalis","RI",NA,"NT",NA,NA,NA,NA,2019-07-01,NA,FALSE,NA,TRUE,TRUE,TRUE,FALSE,FALSE
"01","T3","0051","CS_RI_LS_01_0051","littorina_saxatalis","RI",NA,"CS",NA,NA,NA,NA,2019-07-01,NA,FALSE,NA,TRUE,TRUE,TRUE,FALSE,FALSE
"01","T2","0069","HS_MA_LS_01_0069","littorina_saxatalis","MA",NA,"HS",NA,NA,NA,NA,2019-07-01,NA,FALSE,NA,TRUE,TRUE,TRUE,FALSE,FALSE
"01","T2","0080","NT_MA_LL_01_0080","littorina_littorea","MA",NA,"NT",NA,NA,NA,NA,2019-07-01,NA,FALSE,NA,TRUE,TRUE,TRUE,FALSE,FALSE
"01","T3","0082","NT_RI_LL_01_0082","littorina_littorea","RI",NA,"NT",NA,NA,NA,NA,2019-07-01,NA,FALSE,NA,TRUE,TRUE,TRUE,FALSE,FALSE
"01","T2","0094","CS_MA_LO_01_0094","littorina_obtusata","MA",NA,"CS",NA,NA,NA,NA,2019-07-01,NA,FALSE,NA,TRUE,TRUE,TRUE,FALSE,FALSE
"01","T1","0095","CS_MA_LO_01_0095","littorina_obtusata","MA",NA,"CS",NA,NA,NA,NA,2019-07-01,NA,FALSE,NA,TRUE,TRUE,TRUE,FALSE,FALSE
"01","T3","0100","HS_MA_LS_01_0100","littorina_saxatalis","MA",NA,"HS",NA,NA,NA,NA,2019-07-01,NA,FALSE,NA,TRUE,TRUE,TRUE,FALSE,FALSE
"01","T2","0106","CS_RI_LO_01_0106","littorina_obtusata","RI",NA,"CS",NA,NA,NA,NA,2019-07-01,NA,FALSE,NA,TRUE,TRUE,TRUE,FALSE,FALSE
"01","T2","0110","NT_RI_LO_01_0110","littorina_obtusata","RI",NA,"NT",NA,NA,NA,NA,2019-07-01,NA,FALSE,NA,TRUE,TRUE,TRUE,FALSE,FALSE
"01","T2","0114","HS_MA_LO_01_0114","littorina_obtusata","MA",NA,"HS",NA,NA,NA,NA,2019-07-01,NA,FALSE,NA,TRUE,TRUE,TRUE,FALSE,FALSE
"01","T2","0116","HS_MA_LO_01_0116","littorina_obtusata","MA",NA,"HS",NA,NA,NA,NA,2019-07-01,NA,FALSE,NA,TRUE,TRUE,TRUE,FALSE,FALSE
"01","T3","0120","HS_MA_LS_01_0120","littorina_saxatalis","MA",NA,"HS",NA,NA,NA,NA,2019-07-01,NA,FALSE,NA,TRUE,TRUE,TRUE,FALSE,FALSE
"01","T3","0121","CS_RI_LS_01_0121","littorina_saxatalis","RI",NA,"CS",NA,NA,NA,NA,2019-07-01,NA,FALSE,NA,TRUE,TRUE,TRUE,FALSE,FALSE
"01","T1","0125","HS_MA_LL_01_0125","littorina_littorea","MA",NA,"HS",NA,NA,NA,NA,2019-07-01,NA,FALSE,NA,TRUE,TRUE,TRUE,FALSE,FALSE
"01","T2","0129","HS_RI_LS_01_0129","littorina_saxatalis","RI",NA,"HS",NA,NA,NA,NA,2019-07-01,NA,FALSE,NA,TRUE,TRUE,TRUE,FALSE,FALSE
"01","T2","0140","CS_MA_LS_01_0140","littorina_saxatalis","MA",NA,"CS",NA,NA,NA,NA,2019-07-01,NA,FALSE,NA,TRUE,TRUE,TRUE,FALSE,FALSE
"01","T1","0149","CS_RI_LO_01_0149","littorina_obtusata","RI",NA,"CS",NA,NA,NA,NA,2019-07-01,NA,FALSE,NA,TRUE,TRUE,TRUE,FALSE,FALSE
"01","T1","0155","CS_MA_LS_01_0155","littorina_saxatalis","MA",NA,"CS",NA,NA,NA,NA,2019-07-01,NA,FALSE,NA,TRUE,TRUE,TRUE,FALSE,FALSE
"01","T3","0156","NT_MA_LL_01_0156","littorina_littorea","MA",NA,"NT",NA,NA,NA,NA,2019-07-01,NA,FALSE,NA,TRUE,TRUE,TRUE,FALSE,FALSE
"01","T2","0162","HS_MA_LO_01_0162","littorina_obtusata","MA",NA,"HS",NA,NA,NA,NA,2019-07-01,NA,FALSE,NA,TRUE,TRUE,TRUE,FALSE,FALSE
"01","T1","0164","CS_RI_LO_01_0164","littorina_obtusata","RI",NA,"CS",NA,NA,NA,NA,2019-07-01,NA,FALSE,NA,TRUE,TRUE,TRUE,FALSE,FALSE
"01","T3","0165","NT_RI_LL_01_0165","littorina_littorea","RI",NA,"NT",NA,NA,NA,NA,2019-07-01,NA,FALSE,NA,TRUE,TRUE,TRUE,FALSE,FALSE
"01","T2","0182","NT_RI_LS_01_0182","littorina_saxatalis","RI",NA,"NT",NA,NA,NA,NA,2019-07-01,NA,FALSE,NA,TRUE,TRUE,TRUE,FALSE,FALSE
"01","T3","0188","CS_MA_LL_01_0188","littorina_littorea","MA",NA,"CS",NA,NA,NA,NA,2019-07-01,NA,FALSE,NA,TRUE,TRUE,TRUE,FALSE,FALSE
"01","T3","0192","HS_MA_LO_01_0192","littorina_obtusata","MA",NA,"HS",NA,NA,NA,NA,2019-07-01,NA,FALSE,NA,TRUE,TRUE,TRUE,FALSE,FALSE
"01","T1","0193","CS_MA_LL_01_0193","littorina_littorea","MA",NA,"CS",NA,NA,NA,NA,2019-07-01,NA,FALSE,NA,TRUE,TRUE,TRUE,FALSE,FALSE
"01","T2","0196","NT_RI_LO_01_0196","littorina_obtusata","RI",NA,"NT",NA,NA,NA,NA,2019-07-01,NA,FALSE,NA,TRUE,TRUE,TRUE,FALSE,FALSE
"01","T3","0199","HS_RI_LO_01_0199","littorina_obtusata","RI",NA,"HS",NA,NA,NA,NA,2019-07-01,NA,FALSE,NA,TRUE,TRUE,TRUE,FALSE,FALSE
"01","T3","0202","HS_MA_LO_01_0202","littorina_obtusata","MA",NA,"HS",NA,NA,NA,NA,2019-07-01,NA,FALSE,NA,TRUE,TRUE,TRUE,FALSE,FALSE
"01","T1","0207","NT_RI_LL_01_0207","littorina_littorea","RI",NA,"NT",NA,NA,NA,NA,2019-07-01,NA,FALSE,NA,TRUE,TRUE,TRUE,FALSE,FALSE
"01","T1","0219","CS_RI_LO_01_0219","littorina_obtusata","RI",NA,"CS",NA,NA,NA,NA,2019-07-01,NA,FALSE,NA,TRUE,TRUE,TRUE,FALSE,FALSE
"01","T3","0225","NT_RI_LO_01_0225","littorina_obtusata","RI",NA,"NT",NA,NA,NA,NA,2019-07-01,NA,FALSE,NA,TRUE,TRUE,TRUE,FALSE,FALSE
"01","T2","0227","CS_RI_LS_01_0227","littorina_saxatalis","RI",NA,"CS",NA,NA,NA,NA,2019-07-01,NA,FALSE,NA,TRUE,TRUE,TRUE,FALSE,FALSE
"01","T2","0231","CS_MA_LL_01_0231","littorina_littorea","MA",NA,"CS",NA,NA,NA,NA,2019-07-01,NA,FALSE,NA,TRUE,TRUE,TRUE,FALSE,FALSE
"01","T3","0237","NT_MA_LL_01_0237","littorina_littorea","MA",NA,"NT",NA,NA,NA,NA,2019-07-01,NA,FALSE,NA,TRUE,TRUE,TRUE,FALSE,FALSE
"01","T1","0239","CS_MA_LL_01_0239","littorina_littorea","MA",NA,"CS",NA,NA,NA,NA,2019-07-01,NA,FALSE,NA,TRUE,TRUE,TRUE,FALSE,FALSE
"01","T1","0244","HS_RI_LO_01_0244","littorina_obtusata","RI",NA,"HS",NA,NA,NA,NA,2019-07-02,NA,FALSE,NA,TRUE,TRUE,TRUE,FALSE,FALSE
"01","T3","0248","HS_RI_LO_01_0248","littorina_obtusata","RI",NA,"HS",NA,NA,NA,NA,2019-07-02,NA,FALSE,NA,TRUE,TRUE,TRUE,FALSE,FALSE
"01","T3","0263","HS_RI_LS_01_0263","littorina_saxatalis","RI",NA,"HS",NA,NA,NA,NA,2019-07-02,NA,FALSE,NA,TRUE,TRUE,TRUE,FALSE,FALSE
"01","T2","0277","HS_MA_LL_01_0277","littorina_littorea","MA",NA,"HS",NA,NA,NA,NA,2019-07-02,NA,FALSE,NA,TRUE,TRUE,TRUE,FALSE,FALSE
"01","T3","0278","CS_RI_LO_01_0278","littorina_obtusata","RI",NA,"CS",NA,NA,NA,NA,2019-07-02,NA,FALSE,NA,TRUE,TRUE,TRUE,FALSE,FALSE
"01","T1","0284","NT_RI_LO_01_0284","littorina_obtusata","RI",NA,"NT",NA,NA,NA,NA,2019-07-02,NA,FALSE,NA,TRUE,TRUE,TRUE,FALSE,FALSE
"01","T2","0311","CS_RI_LS_01_0311","littorina_saxatalis","RI",NA,"CS",NA,NA,NA,NA,2019-07-02,NA,FALSE,NA,TRUE,TRUE,TRUE,FALSE,FALSE
"01","T1","0315","NT_MA_LO_01_0315","littorina_obtusata","MA",NA,"NT",NA,NA,NA,NA,2019-07-02,NA,FALSE,NA,TRUE,TRUE,TRUE,FALSE,FALSE
"01","T2","0327","NT_MA_LO_01_0327","littorina_obtusata","MA",NA,"NT",NA,NA,NA,NA,2019-07-02,NA,FALSE,NA,TRUE,TRUE,TRUE,FALSE,FALSE
"01","T2","0328","CS_RI_LS_01_0328","littorina_saxatalis","RI",NA,"CS",NA,NA,NA,NA,2019-07-02,NA,FALSE,NA,TRUE,TRUE,TRUE,FALSE,FALSE
"01","T1","0329","CS_MA_LL_01_0329","littorina_littorea","MA",NA,"CS",NA,NA,NA,NA,2019-07-02,NA,FALSE,NA,TRUE,TRUE,TRUE,FALSE,FALSE
"01","T2","0336","NT_RI_LO_01_0336","littorina_obtusata","RI",NA,"NT",NA,NA,NA,NA,2019-07-02,NA,FALSE,NA,TRUE,TRUE,TRUE,FALSE,FALSE
"01","T2","0338","NT_RI_LL_01_0338","littorina_littorea","RI",NA,"NT",NA,NA,NA,NA,2019-07-02,NA,FALSE,NA,TRUE,TRUE,TRUE,FALSE,FALSE
"01","T3","0342","NT_MA_LS_01_0342","littorina_saxatalis","MA",NA,"NT",NA,NA,NA,NA,2019-07-02,NA,FALSE,NA,TRUE,TRUE,TRUE,FALSE,FALSE
"01","T2","0343","NT_RI_LL_01_0343","littorina_littorea","RI",NA,"NT",NA,NA,NA,NA,2019-07-02,NA,FALSE,NA,TRUE,TRUE,TRUE,FALSE,FALSE
"01","T1","0345","NT_MA_LS_01_0345","littorina_saxatalis","MA",NA,"NT",NA,NA,NA,NA,2019-07-02,NA,FALSE,NA,TRUE,TRUE,TRUE,FALSE,FALSE
"01","T3","0354","NT_RI_LS_01_0354","littorina_saxatalis","RI",NA,"NT",NA,NA,NA,NA,2019-07-02,NA,FALSE,NA,TRUE,TRUE,TRUE,FALSE,FALSE
"01","T2","0361","HS_MA_LO_01_0361","littorina_obtusata","MA",NA,"HS",NA,NA,NA,NA,2019-07-02,NA,FALSE,NA,TRUE,TRUE,TRUE,FALSE,FALSE
"01","T1","0362","CS_RI_LL_01_0362","littorina_littorea","RI",NA,"CS",NA,NA,NA,NA,2019-07-02,NA,FALSE,NA,TRUE,TRUE,TRUE,FALSE,FALSE
"01","T2","0365","CS_MA_LL_01_0365","littorina_littorea","MA",NA,"CS",NA,NA,NA,NA,2019-07-02,NA,FALSE,NA,TRUE,TRUE,TRUE,FALSE,FALSE
"01","T3","0367","CS_MA_LO_01_0367","littorina_obtusata","MA",NA,"CS",NA,NA,NA,NA,2019-07-02,NA,FALSE,NA,TRUE,TRUE,TRUE,FALSE,FALSE
"01","T1","0370","CS_MA_LO_01_0370","littorina_obtusata","MA",NA,"CS",NA,NA,NA,NA,2019-07-02,NA,FALSE,NA,TRUE,TRUE,TRUE,FALSE,FALSE
"01","T3","0376","HS_RI_LS_01_0376","littorina_saxatalis","RI",NA,"HS",NA,NA,NA,NA,2019-07-02,NA,FALSE,NA,TRUE,TRUE,TRUE,FALSE,FALSE
"01","T3","0377","CS_MA_LL_01_0377","littorina_littorea","MA",NA,"CS",NA,NA,NA,NA,2019-07-02,NA,FALSE,NA,TRUE,TRUE,TRUE,FALSE,FALSE
"01","T3","0383","NT_RI_LO_01_0383","littorina_obtusata","RI",NA,"NT",NA,NA,NA,NA,2019-07-02,NA,FALSE,NA,TRUE,TRUE,TRUE,FALSE,FALSE
"01","T3","0390","HS_RI_LO_01_0390","littorina_obtusata","RI",NA,"HS",NA,NA,NA,NA,2019-07-02,NA,FALSE,NA,TRUE,TRUE,TRUE,FALSE,FALSE
"01","T1","0391","HS_MA_LL_01_0391","littorina_littorea","MA",NA,"HS",NA,NA,NA,NA,2019-07-02,NA,FALSE,NA,TRUE,TRUE,TRUE,FALSE,FALSE
"01","T2","0397","CS_MA_LO_01_0397","littorina_obtusata","MA",NA,"CS",NA,NA,NA,NA,2019-07-02,NA,FALSE,NA,TRUE,TRUE,TRUE,FALSE,FALSE
"01","T3","0400","NT_RI_LO_01_0400","littorina_obtusata","RI",NA,"NT",NA,NA,NA,NA,2019-07-02,NA,FALSE,NA,TRUE,TRUE,TRUE,FALSE,FALSE
"01","T2","0410","HS_MA_LL_01_0410","littorina_littorea","MA",NA,"HS",NA,NA,NA,NA,2019-07-02,NA,FALSE,NA,TRUE,TRUE,TRUE,FALSE,FALSE
"01","T1","0429","NT_MA_LL_01_0429","littorina_littorea","MA",NA,"NT",NA,NA,NA,NA,2019-07-02,NA,FALSE,NA,TRUE,TRUE,TRUE,FALSE,FALSE
"01","T1","0442","HS_MA_LS_01_0442","littorina_saxatalis","MA",NA,"HS",NA,NA,NA,NA,2019-07-02,NA,FALSE,NA,TRUE,TRUE,TRUE,FALSE,FALSE
"01","T1","0445","HS_MA_LO_01_0445","littorina_obtusata","MA",NA,"HS",NA,NA,NA,NA,2019-07-02,NA,FALSE,NA,TRUE,TRUE,TRUE,FALSE,FALSE
"01","T1","0453","NT_MA_LL_01_0453","littorina_littorea","MA",NA,"NT",NA,NA,NA,NA,2019-07-02,NA,FALSE,NA,TRUE,TRUE,TRUE,FALSE,FALSE
"01","T1","0464","NT_MA_LL_01_0464","littorina_littorea","MA",NA,"NT",NA,NA,NA,NA,2019-07-02,NA,FALSE,NA,TRUE,TRUE,TRUE,FALSE,FALSE
"01","T2","0468","HS_RI_LL_01_0468","littorina_littorea","RI",NA,"HS",NA,NA,NA,NA,2019-07-02,NA,FALSE,NA,TRUE,TRUE,TRUE,FALSE,FALSE
"01","T3","0474","HS_RI_LL_01_0474","littorina_littorea","RI",NA,"HS",NA,NA,NA,NA,2019-07-02,NA,FALSE,NA,TRUE,TRUE,TRUE,FALSE,FALSE
"01","T1","0481","HS_RI_LO_01_0481","littorina_obtusata","RI",NA,"HS",NA,NA,NA,NA,2019-07-02,NA,FALSE,NA,TRUE,TRUE,TRUE,FALSE,FALSE
"01","T2","0490","CS_MA_LO_01_0490","littorina_obtusata","MA",NA,"CS",NA,NA,NA,NA,2019-07-02,NA,FALSE,NA,TRUE,TRUE,TRUE,FALSE,FALSE
"01","T1","0495","HS_MA_LL_01_0495","littorina_littorea","MA",NA,"HS",NA,NA,NA,NA,2019-07-02,NA,FALSE,NA,TRUE,TRUE,TRUE,FALSE,FALSE
"01","T2","0509","CS_RI_LL_01_0509","littorina_littorea","RI",NA,"CS",NA,NA,NA,NA,2019-07-02,NA,FALSE,NA,TRUE,TRUE,TRUE,FALSE,FALSE
"01","T1","0512","CS_RI_LO_01_0512","littorina_obtusata","RI",NA,"CS",NA,NA,NA,NA,2019-07-02,NA,FALSE,NA,TRUE,TRUE,TRUE,FALSE,FALSE
"01","T3","0514","HS_RI_LL_01_0514","littorina_littorea","RI",NA,"HS",NA,NA,NA,NA,2019-07-02,NA,FALSE,NA,TRUE,TRUE,TRUE,FALSE,FALSE
"01","T2","0520","HS_RI_LS_01_0520","littorina_saxatalis","RI",NA,"HS",NA,NA,NA,NA,2019-07-02,NA,FALSE,NA,TRUE,TRUE,TRUE,FALSE,FALSE
"01","T1","0526","HS_RI_LS_01_0526","littorina_saxatalis","RI",NA,"HS",NA,NA,NA,NA,2019-07-02,NA,FALSE,NA,TRUE,TRUE,TRUE,FALSE,FALSE
"01","T2","0530","NT_RI_LS_01_0530","littorina_saxatalis","RI",NA,"NT",NA,NA,NA,NA,2019-07-03,NA,FALSE,NA,TRUE,TRUE,TRUE,FALSE,FALSE
"01","T2","0535","NT_RI_LL_01_0535","littorina_littorea","RI",NA,"NT",NA,NA,NA,NA,2019-07-03,NA,FALSE,NA,TRUE,TRUE,TRUE,FALSE,FALSE
"01","T1","0552","NT_MA_LS_01_0552","littorina_saxatalis","MA",NA,"NT",NA,NA,NA,NA,2019-07-03,NA,FALSE,NA,TRUE,TRUE,TRUE,FALSE,FALSE
"01","T1","0577","NT_MA_LL_01_0577","littorina_littorea","MA",NA,"NT",NA,NA,NA,NA,2019-07-03,NA,FALSE,NA,TRUE,TRUE,TRUE,FALSE,FALSE
"01","T3","0583","NT_MA_LO_01_0583","littorina_obtusata","MA",NA,"NT",NA,NA,NA,NA,2019-07-03,NA,FALSE,NA,TRUE,TRUE,TRUE,FALSE,FALSE
"01","T3","0587","HS_RI_LS_01_0587","littorina_saxatalis","RI",NA,"HS",NA,NA,NA,NA,2019-07-03,NA,FALSE,NA,TRUE,TRUE,TRUE,FALSE,FALSE
"01","T1","0597","HS_RI_LL_01_0597","littorina_littorea","RI",NA,"HS",NA,NA,NA,NA,2019-07-03,NA,FALSE,NA,TRUE,TRUE,TRUE,FALSE,FALSE
"01","T3","0604","HS_RI_LS_01_0604","littorina_saxatalis","RI",NA,"HS",NA,NA,NA,NA,2019-07-03,NA,FALSE,NA,TRUE,TRUE,TRUE,FALSE,FALSE
"01","T1","0616","HS_MA_LS_01_0616","littorina_saxatalis","MA",NA,"HS",NA,NA,NA,NA,2019-07-03,NA,FALSE,NA,TRUE,TRUE,TRUE,FALSE,FALSE
"01","T1","0621","NT_MA_LL_01_0621","littorina_littorea","MA",NA,"NT",NA,NA,NA,NA,2019-07-03,NA,FALSE,NA,TRUE,TRUE,TRUE,FALSE,FALSE
"01","T1","0624","HS_RI_LL_01_0624","littorina_littorea","RI",NA,"HS",NA,NA,NA,NA,2019-07-03,NA,FALSE,NA,TRUE,TRUE,TRUE,FALSE,FALSE
"01","T1","0626","CS_MA_LL_01_0626","littorina_littorea","MA",NA,"CS",NA,NA,NA,NA,2019-07-03,NA,FALSE,NA,TRUE,TRUE,TRUE,FALSE,FALSE
"01","T2","0628","CS_RI_LO_01_0628","littorina_obtusata","RI",NA,"CS",NA,NA,NA,NA,2019-07-03,NA,FALSE,NA,TRUE,TRUE,TRUE,FALSE,FALSE
"01","T3","0635","CS_RI_LL_01_0635","littorina_littorea","RI",NA,"CS",NA,NA,NA,NA,2019-07-03,NA,FALSE,NA,TRUE,TRUE,TRUE,FALSE,FALSE
"01","T3","0639","CS_MA_LL_01_0639","littorina_littorea","MA",NA,"CS",NA,NA,NA,NA,2019-07-03,NA,FALSE,NA,TRUE,TRUE,TRUE,FALSE,FALSE
"01","T2","0655","HS_RI_LO_01_0655","littorina_obtusata","RI",NA,"HS",NA,NA,NA,NA,2019-07-03,NA,FALSE,NA,TRUE,TRUE,TRUE,FALSE,FALSE
"01","T2","0662","CS_MA_LL_01_0662","littorina_littorea","MA",NA,"CS",NA,NA,NA,NA,2019-07-03,NA,FALSE,NA,TRUE,TRUE,TRUE,FALSE,FALSE
"01","T1","0667","NT_MA_LO_01_0667","littorina_obtusata","MA",NA,"NT",NA,NA,NA,NA,2019-07-03,NA,FALSE,NA,TRUE,TRUE,TRUE,FALSE,FALSE
"01","T2","0670","NT_MA_LS_01_0670","littorina_saxatalis","MA",NA,"NT",NA,NA,NA,NA,2019-07-03,NA,FALSE,NA,TRUE,TRUE,TRUE,FALSE,FALSE
"01","T3","0684","CS_RI_LS_01_0684","littorina_saxatalis","RI",NA,"CS",NA,NA,NA,NA,2019-07-03,NA,FALSE,NA,TRUE,TRUE,TRUE,FALSE,FALSE
"01","T2","0692","HS_RI_LS_01_0692","littorina_saxatalis","RI",NA,"HS",NA,NA,NA,NA,2019-07-03,NA,FALSE,NA,TRUE,TRUE,TRUE,FALSE,FALSE
"01","T1","0697","NT_RI_LL_01_0697","littorina_littorea","RI",NA,"NT",NA,NA,NA,NA,2019-07-03,NA,FALSE,NA,TRUE,TRUE,TRUE,FALSE,FALSE
"01","T1","0701","CS_RI_LS_01_0701","littorina_saxatalis","RI",NA,"CS",NA,NA,NA,NA,2019-07-03,NA,FALSE,NA,TRUE,TRUE,TRUE,FALSE,FALSE
"01","T2","0703","NT_RI_LS_01_0703","littorina_saxatalis","RI",NA,"NT",NA,NA,NA,NA,2019-07-03,NA,FALSE,NA,TRUE,TRUE,TRUE,FALSE,FALSE
"01","T3","0708","CS_RI_LS_01_0708","littorina_saxatalis","RI",NA,"CS",NA,NA,NA,NA,2019-07-03,NA,FALSE,NA,TRUE,TRUE,TRUE,FALSE,FALSE
"01","T3","0714","HS_RI_LL_01_0714","littorina_littorea","RI",NA,"HS",NA,NA,NA,NA,2019-07-03,NA,FALSE,NA,TRUE,TRUE,TRUE,FALSE,FALSE
"01","T1","0716","HS_MA_LL_01_0716","littorina_littorea","MA",NA,"HS",NA,NA,NA,NA,2019-07-03,NA,FALSE,NA,TRUE,TRUE,TRUE,FALSE,FALSE
"01","T3","0718","HS_RI_LL_01_0718","littorina_littorea","RI",NA,"HS",NA,NA,NA,NA,2019-07-03,NA,FALSE,NA,TRUE,TRUE,TRUE,FALSE,FALSE
"01","T3","0721","HS_MA_LL_01_0721","littorina_littorea","MA",NA,"HS",NA,NA,NA,NA,2019-07-03,NA,FALSE,NA,TRUE,TRUE,TRUE,FALSE,FALSE
"01","T2","0723","NT_RI_LO_01_0723","littorina_obtusata","RI",NA,"NT",NA,NA,NA,NA,2019-07-03,NA,FALSE,NA,TRUE,TRUE,TRUE,FALSE,FALSE
"01","T1","0724","NT_MA_LS_01_0724","littorina_saxatalis","MA",NA,"NT",NA,NA,NA,NA,2019-07-03,NA,FALSE,NA,TRUE,TRUE,TRUE,FALSE,FALSE
"01","T1","0728","CS_RI_LL_01_0728","littorina_littorea","RI",NA,"CS",NA,NA,NA,NA,2019-07-03,NA,FALSE,NA,TRUE,TRUE,TRUE,FALSE,FALSE
"01","T2","0729","CS_MA_LS_01_0729","littorina_saxatalis","MA",NA,"CS",NA,NA,NA,NA,2019-07-03,NA,FALSE,NA,TRUE,TRUE,TRUE,FALSE,FALSE
"01","T3","0732","CS_RI_LO_01_0732","littorina_obtusata","RI",NA,"CS",NA,NA,NA,NA,2019-07-03,NA,FALSE,NA,TRUE,TRUE,TRUE,FALSE,FALSE
"01","T3","0734","CS_MA_LS_01_0734","littorina_saxatalis","MA",NA,"CS",NA,NA,NA,NA,2019-07-03,NA,FALSE,NA,TRUE,TRUE,TRUE,FALSE,FALSE
"01","T3","0738","HS_RI_LO_01_0738","littorina_obtusata","RI",NA,"HS",NA,NA,NA,NA,2019-07-03,NA,FALSE,NA,TRUE,TRUE,TRUE,FALSE,FALSE
"01","T3","0753","NT_MA_LO_01_0753","littorina_obtusata","MA",NA,"NT",NA,NA,NA,NA,2019-07-03,NA,FALSE,NA,TRUE,TRUE,TRUE,FALSE,FALSE
"01","T1","0763","HS_MA_LL_01_0763","littorina_littorea","MA",NA,"HS",NA,NA,NA,NA,2019-07-03,NA,FALSE,NA,TRUE,TRUE,TRUE,FALSE,FALSE
"01","T1","0766","CS_MA_LS_01_0766","littorina_saxatalis","MA",NA,"CS",NA,NA,NA,NA,2019-07-03,NA,FALSE,NA,TRUE,TRUE,TRUE,FALSE,FALSE
"01","T3","0773","NT_MA_LL_01_0773","littorina_littorea","MA",NA,"NT",NA,NA,NA,NA,2019-07-03,NA,FALSE,NA,TRUE,TRUE,TRUE,FALSE,FALSE
"01","T1","0785","NT_RI_LS_01_0785","littorina_saxatalis","RI",NA,"NT",NA,NA,NA,NA,2019-07-03,NA,FALSE,NA,TRUE,TRUE,TRUE,FALSE,FALSE
"01","T1","0787","CS_RI_LL_01_0787","littorina_littorea","RI",NA,"CS",NA,NA,NA,NA,2019-07-03,NA,FALSE,NA,TRUE,TRUE,TRUE,FALSE,FALSE
"01","T2","0790","HS_RI_LL_01_0790","littorina_littorea","RI",NA,"HS",NA,NA,NA,NA,2019-07-03,NA,FALSE,NA,TRUE,TRUE,TRUE,FALSE,FALSE
"01","T2","0800","CS_RI_LO_01_0800","littorina_obtusata","RI",NA,"CS",NA,NA,NA,NA,2019-07-03,NA,FALSE,NA,TRUE,TRUE,TRUE,FALSE,FALSE
"01","T1","0811","NT_RI_LS_01_0811","littorina_saxatalis","RI",NA,"NT",NA,NA,NA,NA,2019-07-03,NA,FALSE,NA,TRUE,TRUE,TRUE,FALSE,FALSE
"01","T2","0812","NT_MA_LO_01_0812","littorina_obtusata","MA",NA,"NT",NA,NA,NA,NA,2019-07-04,NA,FALSE,NA,TRUE,TRUE,TRUE,FALSE,FALSE
"01","T3","0814","HS_MA_LS_01_0814","littorina_saxatalis","MA",NA,"HS",NA,NA,NA,NA,2019-07-04,NA,FALSE,NA,TRUE,TRUE,TRUE,FALSE,FALSE
"01","T2","0816","HS_MA_LS_01_0816","littorina_saxatalis","MA",NA,"HS",NA,NA,NA,NA,2019-07-04,NA,FALSE,NA,TRUE,TRUE,TRUE,FALSE,FALSE
"01","T1","0835","CS_MA_LO_01_0835","littorina_obtusata","MA",NA,"CS",NA,NA,NA,NA,2019-07-04,NA,FALSE,NA,TRUE,TRUE,TRUE,FALSE,FALSE
"01","T2","0837","HS_MA_LS_01_0837","littorina_saxatalis","MA",NA,"HS",NA,NA,NA,NA,2019-07-04,NA,FALSE,NA,TRUE,TRUE,TRUE,FALSE,FALSE
"01","T3","0855","NT_MA_LO_01_0855","littorina_obtusata","MA",NA,"NT",NA,NA,NA,NA,2019-07-04,NA,FALSE,NA,TRUE,TRUE,TRUE,FALSE,FALSE
"01","T2","0856","HS_RI_LS_01_0856","littorina_saxatalis","RI",NA,"HS",NA,NA,NA,NA,2019-07-04,NA,FALSE,NA,TRUE,TRUE,TRUE,FALSE,FALSE
"01","T3","0860","NT_MA_LO_01_0860","littorina_obtusata","MA",NA,"NT",NA,NA,NA,NA,2019-07-04,NA,FALSE,NA,TRUE,TRUE,TRUE,FALSE,FALSE
"01","T1","0866","CS_RI_LL_01_0866","littorina_littorea","RI",NA,"CS",NA,NA,NA,NA,2019-07-04,NA,FALSE,NA,TRUE,TRUE,TRUE,FALSE,FALSE
"01","T1","0871","CS_MA_LO_01_0871","littorina_obtusata","MA",NA,"CS",NA,NA,NA,NA,2019-07-04,NA,FALSE,NA,TRUE,TRUE,TRUE,FALSE,FALSE
"01","T2","0877","HS_MA_LO_01_0877","littorina_obtusata","MA",NA,"HS",NA,NA,NA,NA,2019-07-04,NA,FALSE,NA,TRUE,TRUE,TRUE,FALSE,FALSE
"01","T1","0884","NT_RI_LL_01_0884","littorina_littorea","RI",NA,"NT",NA,NA,NA,NA,2019-07-04,NA,FALSE,NA,TRUE,TRUE,TRUE,FALSE,FALSE
"01","T3","0888","HS_MA_LS_01_0888","littorina_saxatalis","MA",NA,"HS",NA,NA,NA,NA,2019-07-04,NA,FALSE,NA,TRUE,TRUE,TRUE,FALSE,FALSE
"01","T3","0895","NT_MA_LS_01_0895","littorina_saxatalis","MA",NA,"NT",NA,NA,NA,NA,2019-07-04,NA,FALSE,NA,TRUE,TRUE,TRUE,FALSE,FALSE
"01","T3","0902","HS_RI_LO_01_0902","littorina_obtusata","RI",NA,"HS",NA,NA,NA,NA,2019-07-04,NA,FALSE,NA,TRUE,TRUE,TRUE,FALSE,FALSE
"01","T2","0906","NT_RI_LS_01_0906","littorina_saxatalis","RI",NA,"NT",NA,NA,NA,NA,2019-07-04,NA,FALSE,NA,TRUE,TRUE,TRUE,FALSE,FALSE
"01","T2","0915","NT_MA_LL_01_0915","littorina_littorea","MA",NA,"NT",NA,NA,NA,NA,2019-07-04,NA,FALSE,NA,TRUE,TRUE,TRUE,FALSE,FALSE
"01","T1","0920","HS_MA_LO_01_0920","littorina_obtusata","MA",NA,"HS",NA,NA,NA,NA,2019-07-04,NA,FALSE,NA,TRUE,TRUE,TRUE,FALSE,FALSE
"01","T3","0931","HS_MA_LO_01_0931","littorina_obtusata","MA",NA,"HS",NA,NA,NA,NA,2019-07-04,NA,FALSE,NA,TRUE,TRUE,TRUE,FALSE,FALSE
"01","T3","0932","NT_RI_LO_01_0932","littorina_obtusata","RI",NA,"NT",NA,NA,NA,NA,2019-07-04,NA,FALSE,NA,TRUE,TRUE,TRUE,FALSE,FALSE
"01","T3","0948","HS_RI_LL_01_0948","littorina_littorea","RI",NA,"HS",NA,NA,NA,NA,2019-07-04,NA,FALSE,NA,TRUE,TRUE,TRUE,FALSE,FALSE
"01","T1","0950","NT_MA_LS_01_0950","littorina_saxatalis","MA",NA,"NT",NA,NA,NA,NA,2019-07-04,NA,FALSE,NA,TRUE,TRUE,TRUE,FALSE,FALSE
"01","T1","0957","NT_MA_LO_01_0957","littorina_obtusata","MA",NA,"NT",NA,NA,NA,NA,2019-07-04,NA,FALSE,NA,TRUE,TRUE,TRUE,FALSE,FALSE
"01","T3","0964","NT_RI_LO_01_0964","littorina_obtusata","RI",NA,"NT",NA,NA,NA,NA,2019-07-04,NA,FALSE,NA,TRUE,TRUE,TRUE,FALSE,FALSE
"01","T2","0966","CS_RI_LS_01_0966","littorina_saxatalis","RI",NA,"CS",NA,NA,NA,NA,2019-07-04,NA,FALSE,NA,TRUE,TRUE,TRUE,FALSE,FALSE
"01","T3","0984","HS_RI_LO_01_0984","littorina_obtusata","RI",NA,"HS",NA,NA,NA,NA,2019-07-04,NA,FALSE,NA,TRUE,TRUE,TRUE,FALSE,FALSE
"01","T3","0987","HS_MA_LS_01_0987","littorina_saxatalis","MA",NA,"HS",NA,NA,NA,NA,2019-07-04,NA,FALSE,NA,TRUE,TRUE,TRUE,FALSE,FALSE
"01","T1","0991","CS_MA_LO_01_0991","littorina_obtusata","MA",NA,"CS",NA,NA,NA,NA,2019-07-04,NA,FALSE,NA,TRUE,TRUE,TRUE,FALSE,FALSE
"01","T2","0993","HS_MA_LL_01_0993","littorina_littorea","MA",NA,"HS",NA,NA,NA,NA,2019-07-04,NA,FALSE,NA,TRUE,TRUE,TRUE,FALSE,FALSE
"01","T2","0994","HS_RI_LO_01_0994","littorina_obtusata","RI",NA,"HS",NA,NA,NA,NA,2019-07-04,NA,FALSE,NA,TRUE,TRUE,TRUE,FALSE,FALSE
"01","T3","0995","HS_RI_LL_01_0995","littorina_littorea","RI",NA,"HS",NA,NA,NA,NA,2019-07-04,NA,FALSE,NA,TRUE,TRUE,TRUE,FALSE,FALSE
"01","T2","1011","CS_RI_LL_01_1011","littorina_littorea","RI",NA,"CS",NA,NA,NA,NA,2019-07-04,NA,FALSE,NA,TRUE,TRUE,TRUE,FALSE,FALSE
"01","T3","1012","CS_MA_LS_01_1012","littorina_saxatalis","MA",NA,"CS",NA,NA,NA,NA,2019-07-04,NA,FALSE,NA,TRUE,TRUE,TRUE,FALSE,FALSE
"01","T1","1019","HS_MA_LL_01_1019","littorina_littorea","MA",NA,"HS",NA,NA,NA,NA,2019-07-04,NA,FALSE,NA,TRUE,TRUE,TRUE,FALSE,FALSE
"01","T1","1022","NT_MA_LO_01_1022","littorina_obtusata","MA",NA,"NT",NA,NA,NA,NA,2019-07-04,NA,FALSE,NA,TRUE,TRUE,TRUE,FALSE,FALSE
"01","T3","1030","CS_RI_LL_01_1030","littorina_littorea","RI",NA,"CS",NA,NA,NA,NA,2019-07-04,NA,FALSE,NA,TRUE,TRUE,TRUE,FALSE,FALSE
"01","T1","1032","CS_MA_LS_01_1032","littorina_saxatalis","MA",NA,"CS",NA,NA,NA,NA,2019-07-04,NA,FALSE,NA,TRUE,TRUE,TRUE,FALSE,FALSE
"01","T2","1033","NT_RI_LS_01_1033","littorina_saxatalis","RI",NA,"NT",NA,NA,NA,NA,2019-07-04,NA,FALSE,NA,TRUE,TRUE,TRUE,FALSE,FALSE
"01","T2","1042","CS_RI_LL_01_1042","littorina_littorea","RI",NA,"CS",NA,NA,NA,NA,2019-07-04,NA,FALSE,NA,TRUE,TRUE,TRUE,FALSE,FALSE
"01","T1","1043","CS_RI_LL_01_1043","littorina_littorea","RI",NA,"CS",NA,NA,NA,NA,2019-07-04,NA,FALSE,NA,TRUE,TRUE,TRUE,FALSE,FALSE
"01","T1","1044","NT_MA_LS_01_1044","littorina_saxatalis","MA",NA,"NT",NA,NA,NA,NA,2019-07-04,NA,FALSE,NA,TRUE,TRUE,TRUE,FALSE,FALSE
"01","T1","1047","CS_MA_LS_01_1047","littorina_saxatalis","MA",NA,"CS",NA,NA,NA,NA,2019-07-04,NA,FALSE,NA,TRUE,TRUE,TRUE,FALSE,FALSE
"01","T2","1048","NT_RI_LS_01_1048","littorina_saxatalis","RI",NA,"NT",NA,NA,NA,NA,2019-07-04,NA,FALSE,NA,TRUE,TRUE,TRUE,FALSE,FALSE
"01","T3","1061","NT_MA_LS_01_1061","littorina_saxatalis","MA",NA,"NT",NA,NA,NA,NA,2019-07-04,NA,FALSE,NA,TRUE,TRUE,TRUE,FALSE,FALSE
"01","T3","1067","CS_MA_LS_01_1067","littorina_saxatalis","MA",NA,"CS",NA,NA,NA,NA,2019-07-04,NA,FALSE,NA,TRUE,TRUE,TRUE,FALSE,FALSE
"02","T1","0003","CS_MA_LO_02_0003","littorina_obtusata","MA",NA,"CS",NA,NA,NA,NA,2019-07-05,NA,FALSE,NA,TRUE,TRUE,TRUE,FALSE,FALSE
"02","T2","0011","CS_RI_LS_02_0011","littorina_saxatalis","RI",NA,"CS",NA,NA,NA,NA,2019-07-05,NA,FALSE,NA,TRUE,TRUE,TRUE,FALSE,FALSE
"02","T1","0015","HS_RI_LO_02_0015","littorina_obtusata","RI",NA,"HS",NA,NA,NA,NA,2019-07-05,NA,FALSE,NA,TRUE,TRUE,TRUE,FALSE,FALSE
"02","T2","0020","CS_MA_LO_02_0020","littorina_obtusata","MA",NA,"CS",NA,NA,NA,NA,2019-07-05,NA,FALSE,NA,TRUE,TRUE,TRUE,FALSE,FALSE
"02","T2","0022","HS_RI_LS_02_0022","littorina_saxatalis","RI",NA,"HS",NA,NA,NA,NA,2019-07-05,NA,FALSE,NA,TRUE,TRUE,TRUE,FALSE,FALSE
"02","T3","0025","HS_MA_LO_02_0025","littorina_obtusata","MA",NA,"HS",NA,NA,NA,NA,2019-07-05,NA,FALSE,NA,TRUE,TRUE,TRUE,FALSE,FALSE
"02","T1","0033","HS_MA_LS_02_0033","littorina_saxatalis","MA",NA,"HS",NA,NA,NA,NA,2019-07-05,NA,FALSE,NA,TRUE,TRUE,TRUE,FALSE,FALSE
"02","T2","0034","CS_MA_LL_02_0034","littorina_littorea","MA",NA,"CS",NA,NA,NA,NA,2019-07-05,NA,FALSE,NA,TRUE,TRUE,TRUE,FALSE,FALSE
"02","T2","0039","HS_MA_LS_02_0039","littorina_saxatalis","MA",NA,"HS",NA,NA,NA,NA,2019-07-05,NA,FALSE,NA,TRUE,TRUE,TRUE,FALSE,FALSE
"02","T2","0047","NT_RI_LL_02_0047","littorina_littorea","RI",NA,"NT",NA,NA,NA,NA,2019-07-05,NA,FALSE,NA,TRUE,TRUE,TRUE,FALSE,FALSE
"02","T2","0050","HS_RI_LS_02_0050","littorina_saxatalis","RI",NA,"HS",NA,NA,NA,NA,2019-07-05,NA,FALSE,NA,TRUE,TRUE,TRUE,FALSE,FALSE
"02","T1","0052","CS_MA_LO_02_0052","littorina_obtusata","MA",NA,"CS",NA,NA,NA,NA,2019-07-05,NA,FALSE,NA,TRUE,TRUE,TRUE,FALSE,FALSE
"02","T2","0053","CS_RI_LL_02_0053","littorina_littorea","RI",NA,"CS",NA,NA,NA,NA,2019-07-05,NA,FALSE,NA,TRUE,TRUE,TRUE,FALSE,FALSE
"02","T1","0059","NT_RI_LL_02_0059","littorina_littorea","RI",NA,"NT",NA,NA,NA,NA,2019-07-05,NA,FALSE,NA,TRUE,TRUE,TRUE,FALSE,FALSE
"02","T2","0062","CS_MA_LL_02_0062","littorina_littorea","MA",NA,"CS",NA,NA,NA,NA,2019-07-05,NA,FALSE,NA,TRUE,TRUE,TRUE,FALSE,FALSE
"02","T2","0065","CS_RI_LS_02_0065","littorina_saxatalis","RI",NA,"CS",NA,NA,NA,NA,2019-07-05,NA,FALSE,NA,TRUE,TRUE,TRUE,FALSE,FALSE
"02","T2","0072","NT_MA_LS_02_0072","littorina_saxatalis","MA",NA,"NT",NA,NA,NA,NA,2019-07-05,NA,FALSE,NA,TRUE,TRUE,TRUE,FALSE,FALSE
"02","T1","0081","CS_MA_LS_02_0081","littorina_saxatalis","MA",NA,"CS",NA,NA,NA,NA,2019-07-05,NA,FALSE,NA,TRUE,TRUE,TRUE,FALSE,FALSE
"02","T2","0083","CS_RI_LS_02_0083","littorina_saxatalis","RI",NA,"CS",NA,NA,NA,NA,2019-07-05,NA,FALSE,NA,TRUE,TRUE,TRUE,FALSE,FALSE
"02","T1","0085","HS_MA_LO_02_0085","littorina_obtusata","MA",NA,"HS",NA,NA,NA,NA,2019-07-05,NA,FALSE,NA,TRUE,TRUE,TRUE,FALSE,FALSE
"02","T3","0086","NT_RI_LO_02_0086","littorina_obtusata","RI",NA,"NT",NA,NA,NA,NA,2019-07-05,NA,FALSE,NA,TRUE,TRUE,TRUE,FALSE,FALSE
"02","T1","0092","HS_RI_LL_02_0092","littorina_littorea","RI",NA,"HS",NA,NA,NA,NA,2019-07-05,NA,FALSE,NA,TRUE,TRUE,TRUE,FALSE,FALSE
"02","T3","0096","NT_MA_LO_02_0096","littorina_obtusata","MA",NA,"NT",NA,NA,NA,NA,2019-07-05,NA,FALSE,NA,TRUE,TRUE,TRUE,FALSE,FALSE
"02","T3","0109","NT_RI_LL_02_0109","littorina_littorea","RI",NA,"NT",NA,NA,NA,NA,2019-07-05,NA,FALSE,NA,TRUE,TRUE,TRUE,FALSE,FALSE
"02","T3","0113","CS_RI_LO_02_0113","littorina_obtusata","RI",NA,"CS",NA,NA,NA,NA,2019-07-05,NA,FALSE,NA,TRUE,TRUE,TRUE,FALSE,FALSE
"02","T3","0126","CS_MA_LL_02_0126","littorina_littorea","MA",NA,"CS",NA,NA,NA,NA,2019-07-05,NA,FALSE,NA,TRUE,TRUE,TRUE,FALSE,FALSE
"02","T1","0128","CS_RI_LO_02_0128","littorina_obtusata","RI",NA,"CS",NA,NA,NA,NA,2019-07-05,NA,FALSE,NA,TRUE,TRUE,TRUE,FALSE,FALSE
"02","T1","0132","NT_MA_LL_02_0132","littorina_littorea","MA",NA,"NT",NA,NA,NA,NA,2019-07-05,NA,FALSE,NA,TRUE,TRUE,TRUE,FALSE,FALSE
"02","T1","0134","NT_MA_LO_02_0134","littorina_obtusata","MA",NA,"NT",NA,NA,NA,NA,2019-07-05,NA,FALSE,NA,TRUE,TRUE,TRUE,FALSE,FALSE
"02","T3","0137","NT_RI_LO_02_0137","littorina_obtusata","RI",NA,"NT",NA,NA,NA,NA,2019-07-05,NA,FALSE,NA,TRUE,TRUE,TRUE,FALSE,FALSE
"02","T3","0139","HS_RI_LL_02_0139","littorina_littorea","RI",NA,"HS",NA,NA,NA,NA,2019-07-05,NA,FALSE,NA,TRUE,TRUE,TRUE,FALSE,FALSE
"02","T2","0143","CS_RI_LL_02_0143","littorina_littorea","RI",NA,"CS",NA,NA,NA,NA,2019-07-05,NA,FALSE,NA,TRUE,TRUE,TRUE,FALSE,FALSE
"02","T1","0145","NT_RI_LL_02_0145","littorina_littorea","RI",NA,"NT",NA,NA,NA,NA,2019-07-05,NA,FALSE,NA,TRUE,TRUE,TRUE,FALSE,FALSE
"02","T2","0153","HS_RI_LS_02_0153","littorina_saxatalis","RI",NA,"HS",NA,NA,NA,NA,2019-07-05,NA,FALSE,NA,TRUE,TRUE,TRUE,FALSE,FALSE
"02","T1","0157","HS_RI_LL_02_0157","littorina_littorea","RI",NA,"HS",NA,NA,NA,NA,2019-07-05,NA,FALSE,NA,TRUE,TRUE,TRUE,FALSE,FALSE
"02","T1","0159","NT_MA_LS_02_0159","littorina_saxatalis","MA",NA,"NT",NA,NA,NA,NA,2019-07-05,NA,FALSE,NA,TRUE,TRUE,TRUE,FALSE,FALSE
"02","T3","0169","HS_MA_LS_02_0169","littorina_saxatalis","MA",NA,"HS",NA,NA,NA,NA,2019-07-05,NA,FALSE,NA,TRUE,TRUE,TRUE,FALSE,FALSE
"02","T3","0178","CS_MA_LL_02_0178","littorina_littorea","MA",NA,"CS",NA,NA,NA,NA,2019-07-05,NA,FALSE,NA,TRUE,TRUE,TRUE,FALSE,FALSE
"02","T1","0184","NT_RI_LO_02_0184","littorina_obtusata","RI",NA,"NT",NA,NA,NA,NA,2019-07-05,NA,FALSE,NA,TRUE,TRUE,TRUE,FALSE,FALSE
"02","T1","0210","NT_MA_LO_02_0210","littorina_obtusata","MA",NA,"NT",NA,NA,NA,NA,2019-07-05,NA,FALSE,NA,TRUE,TRUE,TRUE,FALSE,FALSE
"02","T1","0218","NT_RI_LS_02_0218","littorina_saxatalis","RI",NA,"NT",NA,NA,NA,NA,2019-07-05,NA,FALSE,NA,TRUE,TRUE,TRUE,FALSE,FALSE
"02","T1","0230","CS_MA_LS_02_0230","littorina_saxatalis","MA",NA,"CS",NA,NA,NA,NA,2019-07-05,NA,FALSE,NA,TRUE,TRUE,TRUE,FALSE,FALSE
"02","T1","0235","HS_RI_LS_02_0235","littorina_saxatalis","RI",NA,"HS",NA,NA,NA,NA,2019-07-05,NA,FALSE,NA,TRUE,TRUE,TRUE,FALSE,FALSE
"02","T1","0238","HS_RI_LO_02_0238","littorina_obtusata","RI",NA,"HS",NA,NA,NA,NA,2019-07-05,NA,FALSE,NA,TRUE,TRUE,TRUE,FALSE,FALSE
"02","T1","0241","CS_RI_LS_02_0241","littorina_saxatalis","RI",NA,"CS",NA,NA,NA,NA,2019-07-05,NA,FALSE,NA,TRUE,TRUE,TRUE,FALSE,FALSE
"02","T1","0243","HS_MA_LL_02_0243","littorina_littorea","MA",NA,"HS",NA,NA,NA,NA,2019-07-08,NA,FALSE,NA,TRUE,TRUE,TRUE,FALSE,FALSE
"02","T2","0250","HS_MA_LL_02_0250","littorina_littorea","MA",NA,"HS",NA,NA,NA,NA,2019-07-08,NA,FALSE,NA,TRUE,TRUE,TRUE,FALSE,FALSE
"02","T3","0254","CS_MA_LO_02_0254","littorina_obtusata","MA",NA,"CS",NA,NA,NA,NA,2019-07-08,NA,FALSE,NA,TRUE,TRUE,TRUE,FALSE,FALSE
"02","T3","0260","NT_MA_LS_02_0260","littorina_saxatalis","MA",NA,"NT",NA,NA,NA,NA,2019-07-08,NA,FALSE,NA,TRUE,TRUE,TRUE,FALSE,FALSE
"02","T1","0273","CS_RI_LS_02_0273","littorina_saxatalis","RI",NA,"CS",NA,NA,NA,NA,2019-07-08,NA,FALSE,NA,TRUE,TRUE,TRUE,FALSE,FALSE
"02","T3","0274","NT_MA_LL_02_0274","littorina_littorea","MA",NA,"NT",NA,NA,NA,NA,2019-07-08,NA,FALSE,NA,TRUE,TRUE,TRUE,FALSE,FALSE
"02","T1","0275","HS_MA_LO_02_0275","littorina_obtusata","MA",NA,"HS",NA,NA,NA,NA,2019-07-08,NA,FALSE,NA,TRUE,TRUE,TRUE,FALSE,FALSE
"02","T3","0279","CS_MA_LO_02_0279","littorina_obtusata","MA",NA,"CS",NA,NA,NA,NA,2019-07-08,NA,FALSE,NA,TRUE,TRUE,TRUE,FALSE,FALSE
"02","T2","0280","CS_MA_LS_02_0280","littorina_saxatalis","MA",NA,"CS",NA,NA,NA,NA,2019-07-08,NA,FALSE,NA,TRUE,TRUE,TRUE,FALSE,FALSE
"02","T1","0285","HS_MA_LO_02_0285","littorina_obtusata","MA",NA,"HS",NA,NA,NA,NA,2019-07-08,NA,FALSE,NA,TRUE,TRUE,TRUE,FALSE,FALSE
"02","T3","0287","NT_RI_LL_02_0287","littorina_littorea","RI",NA,"NT",NA,NA,NA,NA,2019-07-08,NA,FALSE,NA,TRUE,TRUE,TRUE,FALSE,FALSE
"02","T1","0289","HS_RI_LO_02_0289","littorina_obtusata","RI",NA,"HS",NA,NA,NA,NA,2019-07-08,NA,FALSE,NA,TRUE,TRUE,TRUE,FALSE,FALSE
"02","T1","0293","CS_RI_LO_02_0293","littorina_obtusata","RI",NA,"CS",NA,NA,NA,NA,2019-07-08,NA,FALSE,NA,TRUE,TRUE,TRUE,FALSE,FALSE
"02","T1","0297","CS_MA_LS_02_0297","littorina_saxatalis","MA",NA,"CS",NA,NA,NA,NA,2019-07-08,NA,FALSE,NA,TRUE,TRUE,TRUE,FALSE,FALSE
"02","T3","0300","HS_RI_LO_02_0300","littorina_obtusata","RI",NA,"HS",NA,NA,NA,NA,2019-07-08,NA,FALSE,NA,TRUE,TRUE,TRUE,FALSE,FALSE
"02","T3","0304","HS_RI_LL_02_0304","littorina_littorea","RI",NA,"HS",NA,NA,NA,NA,2019-07-08,NA,FALSE,NA,TRUE,TRUE,TRUE,FALSE,FALSE
"02","T2","0309","NT_MA_LO_02_0309","littorina_obtusata","MA",NA,"NT",NA,NA,NA,NA,2019-07-08,NA,FALSE,NA,TRUE,TRUE,TRUE,FALSE,FALSE
"02","T2","0333","CS_RI_LL_02_0333","littorina_littorea","RI",NA,"CS",NA,NA,NA,NA,2019-07-08,NA,FALSE,NA,TRUE,TRUE,TRUE,FALSE,FALSE
"02","T2","0335","CS_RI_LS_02_0335","littorina_saxatalis","RI",NA,"CS",NA,NA,NA,NA,2019-07-08,NA,FALSE,NA,TRUE,TRUE,TRUE,FALSE,FALSE
"02","T2","0366","NT_MA_LS_02_0366","littorina_saxatalis","MA",NA,"NT",NA,NA,NA,NA,2019-07-08,NA,FALSE,NA,TRUE,TRUE,TRUE,FALSE,FALSE
"02","T2","0368","HS_MA_LS_02_0368","littorina_saxatalis","MA",NA,"HS",NA,NA,NA,NA,2019-07-08,NA,FALSE,NA,TRUE,TRUE,TRUE,FALSE,FALSE
"02","T3","0372","NT_RI_LO_02_0372","littorina_obtusata","RI",NA,"NT",NA,NA,NA,NA,2019-07-08,NA,FALSE,NA,TRUE,TRUE,TRUE,FALSE,FALSE
"02","T1","0379","NT_RI_LS_02_0379","littorina_saxatalis","RI",NA,"NT",NA,NA,NA,NA,2019-07-08,NA,FALSE,NA,TRUE,TRUE,TRUE,FALSE,FALSE
"02","T2","0386","CS_MA_LL_02_0386","littorina_littorea","MA",NA,"CS",NA,NA,NA,NA,2019-07-08,NA,FALSE,NA,TRUE,TRUE,TRUE,FALSE,FALSE
"02","T1","0387","NT_RI_LL_02_0387","littorina_littorea","RI",NA,"NT",NA,NA,NA,NA,2019-07-08,NA,FALSE,NA,TRUE,TRUE,TRUE,FALSE,FALSE
"02","T3","0394","NT_MA_LL_02_0394","littorina_littorea","MA",NA,"NT",NA,NA,NA,NA,2019-07-08,NA,FALSE,NA,TRUE,TRUE,TRUE,FALSE,FALSE
"02","T3","0398","NT_MA_LL_02_0398","littorina_littorea","MA",NA,"NT",NA,NA,NA,NA,2019-07-08,NA,FALSE,NA,TRUE,TRUE,TRUE,FALSE,FALSE
"02","T2","0404","NT_MA_LS_02_0404","littorina_saxatalis","MA",NA,"NT",NA,NA,NA,NA,2019-07-08,NA,FALSE,NA,TRUE,TRUE,TRUE,FALSE,FALSE
"02","T1","0405","NT_MA_LL_02_0405","littorina_littorea","MA",NA,"NT",NA,NA,NA,NA,2019-07-08,NA,FALSE,NA,TRUE,TRUE,TRUE,FALSE,FALSE
"02","T3","0406","CS_MA_LS_02_0406","littorina_saxatalis","MA",NA,"CS",NA,NA,NA,NA,2019-07-08,NA,FALSE,NA,TRUE,TRUE,TRUE,FALSE,FALSE
"02","T3","0415","CS_RI_LO_02_0415","littorina_obtusata","RI",NA,"CS",NA,NA,NA,NA,2019-07-08,NA,FALSE,NA,TRUE,TRUE,TRUE,FALSE,FALSE
"02","T2","0416","HS_MA_LL_02_0416","littorina_littorea","MA",NA,"HS",NA,NA,NA,NA,2019-07-08,NA,FALSE,NA,TRUE,TRUE,TRUE,FALSE,FALSE
"02","T3","0422","HS_RI_LL_02_0422","littorina_littorea","RI",NA,"HS",NA,NA,NA,NA,2019-07-08,NA,FALSE,NA,TRUE,TRUE,TRUE,FALSE,FALSE
"02","T2","0424","CS_RI_LO_02_0424","littorina_obtusata","RI",NA,"CS",NA,NA,NA,NA,2019-07-08,NA,FALSE,NA,TRUE,TRUE,TRUE,FALSE,FALSE
"02","T2","0432","HS_MA_LS_02_0432","littorina_saxatalis","MA",NA,"HS",NA,NA,NA,NA,2019-07-08,NA,FALSE,NA,TRUE,TRUE,TRUE,FALSE,FALSE
"02","T3","0434","NT_MA_LL_02_0434","littorina_littorea","MA",NA,"NT",NA,NA,NA,NA,2019-07-08,NA,FALSE,NA,TRUE,TRUE,TRUE,FALSE,FALSE
"02","T3","0438","CS_RI_LL_02_0438","littorina_littorea","RI",NA,"CS",NA,NA,NA,NA,2019-07-08,NA,FALSE,NA,TRUE,TRUE,TRUE,FALSE,FALSE
"02","T1","0439","NT_RI_LL_02_0439","littorina_littorea","RI",NA,"NT",NA,NA,NA,NA,2019-07-08,NA,FALSE,NA,TRUE,TRUE,TRUE,FALSE,FALSE
"02","T1","0447","CS_MA_LO_02_0447","littorina_obtusata","MA",NA,"CS",NA,NA,NA,NA,2019-07-08,NA,FALSE,NA,TRUE,TRUE,TRUE,FALSE,FALSE
"02","T1","0451","CS_MA_LO_02_0451","littorina_obtusata","MA",NA,"CS",NA,NA,NA,NA,2019-07-08,NA,FALSE,NA,TRUE,TRUE,TRUE,FALSE,FALSE
"02","T3","0463","HS_MA_LL_02_0463","littorina_littorea","MA",NA,"HS",NA,NA,NA,NA,2019-07-08,NA,FALSE,NA,TRUE,TRUE,TRUE,FALSE,FALSE
"02","T2","0470","NT_RI_LS_02_0470","littorina_saxatalis","RI",NA,"NT",NA,NA,NA,NA,2019-07-08,NA,FALSE,NA,TRUE,TRUE,TRUE,FALSE,FALSE
"02","T3","0471","NT_RI_LS_02_0471","littorina_saxatalis","RI",NA,"NT",NA,NA,NA,NA,2019-07-08,NA,FALSE,NA,TRUE,TRUE,TRUE,FALSE,FALSE
"02","T3","0473","CS_MA_LS_02_0473","littorina_saxatalis","MA",NA,"CS",NA,NA,NA,NA,2019-07-08,NA,FALSE,NA,TRUE,TRUE,TRUE,FALSE,FALSE
"02","T3","0476","NT_RI_LL_02_0476","littorina_littorea","RI",NA,"NT",NA,NA,NA,NA,2019-07-08,NA,FALSE,NA,TRUE,TRUE,TRUE,FALSE,FALSE
"02","T3","0478","CS_MA_LS_02_0478","littorina_saxatalis","MA",NA,"CS",NA,NA,NA,NA,2019-07-09,NA,FALSE,NA,TRUE,TRUE,TRUE,FALSE,FALSE
"02","T3","0479","HS_MA_LO_02_0479","littorina_obtusata","MA",NA,"HS",NA,NA,NA,NA,2019-07-09,NA,FALSE,NA,TRUE,TRUE,TRUE,FALSE,FALSE
"02","T2","0480","HS_MA_LO_02_0480","littorina_obtusata","MA",NA,"HS",NA,NA,NA,NA,2019-07-09,NA,FALSE,NA,TRUE,TRUE,TRUE,FALSE,FALSE
"02","T2","0488","HS_RI_LO_02_0488","littorina_obtusata","RI",NA,"HS",NA,NA,NA,NA,2019-07-09,NA,FALSE,NA,TRUE,TRUE,TRUE,FALSE,FALSE
"02","T3","0489","HS_MA_LS_02_0489","littorina_saxatalis","MA",NA,"HS",NA,NA,NA,NA,2019-07-09,NA,FALSE,NA,TRUE,TRUE,TRUE,FALSE,FALSE
"02","T2","0494","CS_RI_LL_02_0494","littorina_littorea","RI",NA,"CS",NA,NA,NA,NA,2019-07-09,NA,FALSE,NA,TRUE,TRUE,TRUE,FALSE,FALSE
"02","T1","0500","HS_RI_LO_02_0500","littorina_obtusata","RI",NA,"HS",NA,NA,NA,NA,2019-07-09,NA,FALSE,NA,TRUE,TRUE,TRUE,FALSE,FALSE
"02","T2","0501","CS_RI_LO_02_0501","littorina_obtusata","RI",NA,"CS",NA,NA,NA,NA,2019-07-09,NA,FALSE,NA,TRUE,TRUE,TRUE,FALSE,FALSE
"02","T3","0503","NT_MA_LO_02_0503","littorina_obtusata","MA",NA,"NT",NA,NA,NA,NA,2019-07-09,NA,FALSE,NA,TRUE,TRUE,TRUE,FALSE,FALSE
"02","T3","0521","CS_RI_LL_02_0521","littorina_littorea","RI",NA,"CS",NA,NA,NA,NA,2019-07-09,NA,FALSE,NA,TRUE,TRUE,TRUE,FALSE,FALSE
"02","T1","0533","HS_MA_LO_02_0533","littorina_obtusata","MA",NA,"HS",NA,NA,NA,NA,2019-07-09,NA,FALSE,NA,TRUE,TRUE,TRUE,FALSE,FALSE
"02","T3","0548","HS_RI_LS_02_0548","littorina_saxatalis","RI",NA,"HS",NA,NA,NA,NA,2019-07-09,NA,FALSE,NA,TRUE,TRUE,TRUE,FALSE,FALSE
"02","T3","0558","NT_MA_LS_02_0558","littorina_saxatalis","MA",NA,"NT",NA,NA,NA,NA,2019-07-09,NA,FALSE,NA,TRUE,TRUE,TRUE,FALSE,FALSE
"02","T2","0559","CS_MA_LO_02_0559","littorina_obtusata","MA",NA,"CS",NA,NA,NA,NA,2019-07-09,NA,FALSE,NA,TRUE,TRUE,TRUE,FALSE,FALSE
"02","T2","0560","CS_RI_LO_02_0560","littorina_obtusata","RI",NA,"CS",NA,NA,NA,NA,2019-07-09,NA,FALSE,NA,TRUE,TRUE,TRUE,FALSE,FALSE
"02","T1","0578","NT_RI_LS_02_0578","littorina_saxatalis","RI",NA,"NT",NA,NA,NA,NA,2019-07-09,NA,FALSE,NA,TRUE,TRUE,TRUE,FALSE,FALSE
"02","T2","0586","HS_RI_LL_02_0586","littorina_littorea","RI",NA,"HS",NA,NA,NA,NA,2019-07-09,NA,FALSE,NA,TRUE,TRUE,TRUE,FALSE,FALSE
"02","T2","0594","NT_RI_LO_02_0594","littorina_obtusata","RI",NA,"NT",NA,NA,NA,NA,2019-07-09,NA,FALSE,NA,TRUE,TRUE,TRUE,FALSE,FALSE
"02","T2","0599","NT_RI_LL_02_0599","littorina_littorea","RI",NA,"NT",NA,NA,NA,NA,2019-07-09,NA,FALSE,NA,TRUE,TRUE,TRUE,FALSE,FALSE
"02","T1","0605","HS_MA_LL_02_0605","littorina_littorea","MA",NA,"HS",NA,NA,NA,NA,2019-07-09,NA,FALSE,NA,TRUE,TRUE,TRUE,FALSE,FALSE
"02","T3","0620","HS_MA_LL_02_0620","littorina_littorea","MA",NA,"HS",NA,NA,NA,NA,2019-07-09,NA,FALSE,NA,TRUE,TRUE,TRUE,FALSE,FALSE
"02","T2","0622","NT_RI_LO_02_0622","littorina_obtusata","RI",NA,"NT",NA,NA,NA,NA,2019-07-09,NA,FALSE,NA,TRUE,TRUE,TRUE,FALSE,FALSE
"02","T2","0647","HS_MA_LO_02_0647","littorina_obtusata","MA",NA,"HS",NA,NA,NA,NA,2019-07-09,NA,FALSE,NA,TRUE,TRUE,TRUE,FALSE,FALSE
"02","T3","0652","CS_RI_LS_02_0652","littorina_saxatalis","RI",NA,"CS",NA,NA,NA,NA,2019-07-09,NA,FALSE,NA,TRUE,TRUE,TRUE,FALSE,FALSE
"02","T2","0660","CS_RI_LS_02_0660","littorina_saxatalis","RI",NA,"CS",NA,NA,NA,NA,2019-07-09,NA,FALSE,NA,TRUE,TRUE,TRUE,FALSE,FALSE
"02","T3","0663","NT_RI_LO_02_0663","littorina_obtusata","RI",NA,"NT",NA,NA,NA,NA,2019-07-09,NA,FALSE,NA,TRUE,TRUE,TRUE,FALSE,FALSE
"02","T2","0665","CS_RI_LS_02_0665","littorina_saxatalis","RI",NA,"CS",NA,NA,NA,NA,2019-07-09,NA,FALSE,NA,TRUE,TRUE,TRUE,FALSE,FALSE
"02","T1","0676","NT_MA_LL_02_0676","littorina_littorea","MA",NA,"NT",NA,NA,NA,NA,2019-07-09,NA,FALSE,NA,TRUE,TRUE,TRUE,FALSE,FALSE
"02","T1","0677","HS_RI_LL_02_0677","littorina_littorea","RI",NA,"HS",NA,NA,NA,NA,2019-07-09,NA,FALSE,NA,TRUE,TRUE,TRUE,FALSE,FALSE
"02","T1","0687","CS_MA_LL_02_0687","littorina_littorea","MA",NA,"CS",NA,NA,NA,NA,2019-07-09,NA,FALSE,NA,TRUE,TRUE,TRUE,FALSE,FALSE
"02","T3","0694","NT_RI_LS_02_0694","littorina_saxatalis","RI",NA,"NT",NA,NA,NA,NA,2019-07-09,NA,FALSE,NA,TRUE,TRUE,TRUE,FALSE,FALSE
"02","T2","0698","HS_MA_LS_02_0698","littorina_saxatalis","MA",NA,"HS",NA,NA,NA,NA,2019-07-09,NA,FALSE,NA,TRUE,TRUE,TRUE,FALSE,FALSE
"02","T3","0704","HS_MA_LS_02_0704","littorina_saxatalis","MA",NA,"HS",NA,NA,NA,NA,2019-07-09,NA,FALSE,NA,TRUE,TRUE,TRUE,FALSE,FALSE
"02","T1","0713","HS_MA_LS_02_0713","littorina_saxatalis","MA",NA,"HS",NA,NA,NA,NA,2019-07-09,NA,FALSE,NA,TRUE,TRUE,TRUE,FALSE,FALSE
"02","T3","0726","NT_MA_LO_02_0726","littorina_obtusata","MA",NA,"NT",NA,NA,NA,NA,2019-07-09,NA,FALSE,NA,TRUE,TRUE,TRUE,FALSE,FALSE
"02","T2","0727","HS_RI_LO_02_0727","littorina_obtusata","RI",NA,"HS",NA,NA,NA,NA,2019-07-09,NA,FALSE,NA,TRUE,TRUE,TRUE,FALSE,FALSE
"02","T1","0735","HS_RI_LL_02_0735","littorina_littorea","RI",NA,"HS",NA,NA,NA,NA,2019-07-09,NA,FALSE,NA,TRUE,TRUE,TRUE,FALSE,FALSE
"02","T1","0743","NT_RI_LO_02_0743","littorina_obtusata","RI",NA,"NT",NA,NA,NA,NA,2019-07-09,NA,FALSE,NA,TRUE,TRUE,TRUE,FALSE,FALSE
"02","T2","0745","NT_RI_LS_02_0745","littorina_saxatalis","RI",NA,"NT",NA,NA,NA,NA,2019-07-09,NA,FALSE,NA,TRUE,TRUE,TRUE,FALSE,FALSE
"02","T3","0746","CS_RI_LO_02_0746","littorina_obtusata","RI",NA,"CS",NA,NA,NA,NA,2019-07-09,NA,FALSE,NA,TRUE,TRUE,TRUE,FALSE,FALSE
"02","T2","0748","CS_MA_LO_02_0748","littorina_obtusata","MA",NA,"CS",NA,NA,NA,NA,2019-07-09,NA,FALSE,NA,TRUE,TRUE,TRUE,FALSE,FALSE
"02","T1","0756","NT_RI_LO_02_0756","littorina_obtusata","RI",NA,"NT",NA,NA,NA,NA,2019-07-09,NA,FALSE,NA,TRUE,TRUE,TRUE,FALSE,FALSE
"02","T2","0760","HS_RI_LO_02_0760","littorina_obtusata","RI",NA,"HS",NA,NA,NA,NA,2019-07-09,NA,FALSE,NA,TRUE,TRUE,TRUE,FALSE,FALSE
"02","T3","0774","HS_MA_LS_02_0774","littorina_saxatalis","MA",NA,"HS",NA,NA,NA,NA,2019-07-09,NA,FALSE,NA,TRUE,TRUE,TRUE,FALSE,FALSE
"02","T1","0778","HS_RI_LS_02_0778","littorina_saxatalis","RI",NA,"HS",NA,NA,NA,NA,2019-07-09,NA,FALSE,NA,TRUE,TRUE,TRUE,FALSE,FALSE
"02","T1","0792","HS_RI_LO_02_0792","littorina_obtusata","RI",NA,"HS",NA,NA,NA,NA,2019-07-10,NA,FALSE,NA,TRUE,TRUE,TRUE,FALSE,FALSE
"02","T1","0794","HS_RI_LS_02_0794","littorina_saxatalis","RI",NA,"HS",NA,NA,NA,NA,2019-07-10,NA,FALSE,NA,TRUE,TRUE,TRUE,FALSE,FALSE
"02","T2","0797","CS_MA_LL_02_0797","littorina_littorea","MA",NA,"CS",NA,NA,NA,NA,2019-07-10,NA,FALSE,NA,TRUE,TRUE,TRUE,FALSE,FALSE
"02","T2","0798","CS_MA_LL_02_0798","littorina_littorea","MA",NA,"CS",NA,NA,NA,NA,2019-07-10,NA,FALSE,NA,TRUE,TRUE,TRUE,FALSE,FALSE
"02","T3","0813","NT_MA_LO_02_0813","littorina_obtusata","MA",NA,"NT",NA,NA,NA,NA,2019-07-10,NA,FALSE,NA,TRUE,TRUE,TRUE,FALSE,FALSE
"02","T2","0824","NT_MA_LS_02_0824","littorina_saxatalis","MA",NA,"NT",NA,NA,NA,NA,2019-07-10,NA,FALSE,NA,TRUE,TRUE,TRUE,FALSE,FALSE
"02","T3","0832","NT_MA_LS_02_0832","littorina_saxatalis","MA",NA,"NT",NA,NA,NA,NA,2019-07-10,NA,FALSE,NA,TRUE,TRUE,TRUE,FALSE,FALSE
"02","T1","0834","NT_MA_LS_02_0834","littorina_saxatalis","MA",NA,"NT",NA,NA,NA,NA,2019-07-10,NA,FALSE,NA,TRUE,TRUE,TRUE,FALSE,FALSE
"02","T2","0836","NT_MA_LL_02_0836","littorina_littorea","MA",NA,"NT",NA,NA,NA,NA,2019-07-10,NA,FALSE,NA,TRUE,TRUE,TRUE,FALSE,FALSE
"02","T3","0842","CS_MA_LS_02_0842","littorina_saxatalis","MA",NA,"CS",NA,NA,NA,NA,2019-07-10,NA,FALSE,NA,TRUE,TRUE,TRUE,FALSE,FALSE
"02","T2","0845","HS_RI_LL_02_0845","littorina_littorea","RI",NA,"HS",NA,NA,NA,NA,2019-07-10,NA,FALSE,NA,TRUE,TRUE,TRUE,FALSE,FALSE
"02","T2","0848","CS_RI_LL_02_0848","littorina_littorea","RI",NA,"CS",NA,NA,NA,NA,2019-07-10,NA,FALSE,NA,TRUE,TRUE,TRUE,FALSE,FALSE
"02","T2","0849","NT_RI_LL_02_0849","littorina_littorea","RI",NA,"NT",NA,NA,NA,NA,2019-07-10,NA,FALSE,NA,TRUE,TRUE,TRUE,FALSE,FALSE
"02","T3","0858","NT_RI_LS_02_0858","littorina_saxatalis","RI",NA,"NT",NA,NA,NA,NA,2019-07-10,NA,FALSE,NA,TRUE,TRUE,TRUE,FALSE,FALSE
"02","T1","0876","HS_MA_LL_02_0876","littorina_littorea","MA",NA,"HS",NA,NA,NA,NA,2019-07-10,NA,FALSE,NA,TRUE,TRUE,TRUE,FALSE,FALSE
"02","T2","0883","CS_RI_LL_02_0883","littorina_littorea","RI",NA,"CS",NA,NA,NA,NA,2019-07-10,NA,FALSE,NA,TRUE,TRUE,TRUE,FALSE,FALSE
"02","T1","0886","CS_MA_LO_02_0886","littorina_obtusata","MA",NA,"CS",NA,NA,NA,NA,2019-07-10,NA,FALSE,NA,TRUE,TRUE,TRUE,FALSE,FALSE
"02","T2","0889","CS_RI_LS_02_0889","littorina_saxatalis","RI",NA,"CS",NA,NA,NA,NA,2019-07-10,NA,FALSE,NA,TRUE,TRUE,TRUE,FALSE,FALSE
"02","T3","0893","NT_RI_LS_02_0893","littorina_saxatalis","RI",NA,"NT",NA,NA,NA,NA,2019-07-10,NA,FALSE,NA,TRUE,TRUE,TRUE,FALSE,FALSE
"02","T2","0903","NT_MA_LO_02_0903","littorina_obtusata","MA",NA,"NT",NA,NA,NA,NA,2019-07-10,NA,FALSE,NA,TRUE,TRUE,TRUE,FALSE,FALSE
"02","T3","0904","HS_MA_LL_02_0904","littorina_littorea","MA",NA,"HS",NA,NA,NA,NA,2019-07-10,NA,FALSE,NA,TRUE,TRUE,TRUE,FALSE,FALSE
"02","T3","0909","HS_MA_LO_02_0909","littorina_obtusata","MA",NA,"HS",NA,NA,NA,NA,2019-07-10,NA,FALSE,NA,TRUE,TRUE,TRUE,FALSE,FALSE
"02","T3","0910","CS_RI_LL_02_0910","littorina_littorea","RI",NA,"CS",NA,NA,NA,NA,2019-07-10,NA,FALSE,NA,TRUE,TRUE,TRUE,FALSE,FALSE
"02","T3","0924","CS_RI_LO_02_0924","littorina_obtusata","RI",NA,"CS",NA,NA,NA,NA,2019-07-10,NA,FALSE,NA,TRUE,TRUE,TRUE,FALSE,FALSE
"02","T2","0935","HS_RI_LS_02_0935","littorina_saxatalis","RI",NA,"HS",NA,NA,NA,NA,2019-07-10,NA,FALSE,NA,TRUE,TRUE,TRUE,FALSE,FALSE
"02","T1","0937","NT_MA_LO_02_0937","littorina_obtusata","MA",NA,"NT",NA,NA,NA,NA,2019-07-10,NA,FALSE,NA,TRUE,TRUE,TRUE,FALSE,FALSE
"02","T2","0938","NT_RI_LS_02_0938","littorina_saxatalis","RI",NA,"NT",NA,NA,NA,NA,2019-07-10,NA,FALSE,NA,TRUE,TRUE,TRUE,FALSE,FALSE
"02","T1","0941","HS_RI_LS_02_0941","littorina_saxatalis","RI",NA,"HS",NA,NA,NA,NA,2019-07-10,NA,FALSE,NA,TRUE,TRUE,TRUE,FALSE,FALSE
"02","T3","0943","CS_RI_LO_02_0943","littorina_obtusata","RI",NA,"CS",NA,NA,NA,NA,2019-07-10,NA,FALSE,NA,TRUE,TRUE,TRUE,FALSE,FALSE
"02","T1","0946","NT_MA_LL_02_0946","littorina_littorea","MA",NA,"NT",NA,NA,NA,NA,2019-07-10,NA,FALSE,NA,TRUE,TRUE,TRUE,FALSE,FALSE
"02","T3","0949","NT_MA_LL_02_0949","littorina_littorea","MA",NA,"NT",NA,NA,NA,NA,2019-07-10,NA,FALSE,NA,TRUE,TRUE,TRUE,FALSE,FALSE
"02","T1","0963","HS_RI_LO_02_0963","littorina_obtusata","RI",NA,"HS",NA,NA,NA,NA,2019-07-10,NA,FALSE,NA,TRUE,TRUE,TRUE,FALSE,FALSE
"02","T1","0976","HS_MA_LL_02_0976","littorina_littorea","MA",NA,"HS",NA,NA,NA,NA,2019-07-10,NA,FALSE,NA,TRUE,TRUE,TRUE,FALSE,FALSE
"02","T1","0981","NT_RI_LO_02_0981","littorina_obtusata","RI",NA,"NT",NA,NA,NA,NA,2019-07-10,NA,FALSE,NA,TRUE,TRUE,TRUE,FALSE,FALSE
"02","T2","1004","CS_MA_LL_02_1004","littorina_littorea","MA",NA,"CS",NA,NA,NA,NA,2019-07-10,NA,FALSE,NA,TRUE,TRUE,TRUE,FALSE,FALSE
"02","T1","1005","CS_MA_LS_02_1005","littorina_saxatalis","MA",NA,"CS",NA,NA,NA,NA,2019-07-10,NA,FALSE,NA,TRUE,TRUE,TRUE,FALSE,FALSE
"02","T1","1006","HS_RI_LL_02_1006","littorina_littorea","RI",NA,"HS",NA,NA,NA,NA,2019-07-10,NA,FALSE,NA,TRUE,TRUE,TRUE,FALSE,FALSE
"02","T3","1013","HS_MA_LO_02_1013","littorina_obtusata","MA",NA,"HS",NA,NA,NA,NA,2019-07-10,NA,FALSE,NA,TRUE,TRUE,TRUE,FALSE,FALSE
"02","T2","1016","HS_MA_LL_02_1016","littorina_littorea","MA",NA,"HS",NA,NA,NA,NA,2019-07-10,NA,FALSE,NA,TRUE,TRUE,TRUE,FALSE,FALSE
"02","T3","1017","NT_MA_LS_02_1017","littorina_saxatalis","MA",NA,"NT",NA,NA,NA,NA,2019-07-10,NA,FALSE,NA,TRUE,TRUE,TRUE,FALSE,FALSE
"02","T3","1050","HS_RI_LS_02_1050","littorina_saxatalis","RI",NA,"HS",NA,NA,NA,NA,2019-07-10,NA,FALSE,NA,TRUE,TRUE,TRUE,FALSE,FALSE
"02","T3","1064","CS_MA_LL_02_1064","littorina_littorea","MA",NA,"CS",NA,NA,NA,NA,2019-07-10,NA,FALSE,NA,TRUE,TRUE,TRUE,FALSE,FALSE
"02","T2","1069","CS_MA_LS_02_1069","littorina_saxatalis","MA",NA,"CS",NA,NA,NA,NA,2019-07-10,NA,FALSE,NA,TRUE,TRUE,TRUE,FALSE,FALSE
"02","T3","1072","CS_RI_LL_02_1072","littorina_littorea","RI",NA,"CS",NA,NA,NA,NA,2019-07-10,NA,FALSE,NA,TRUE,TRUE,TRUE,FALSE,FALSE
"02","T1","1075","NT_MA_LO_02_1075","littorina_obtusata","MA",NA,"NT",NA,NA,NA,NA,2019-07-10,NA,FALSE,NA,TRUE,TRUE,TRUE,FALSE,FALSE
"03","T1","0009","NT_RI_LS_03_0009","littorina_saxatalis","RI",NA,"NT",NA,NA,NA,NA,2019-07-11,NA,FALSE,NA,TRUE,TRUE,TRUE,FALSE,FALSE
"03","T3","0012","CS_RI_LL_03_0012","littorina_littorea","RI",NA,"CS",NA,NA,NA,NA,2019-07-11,NA,FALSE,NA,TRUE,TRUE,TRUE,FALSE,FALSE
"03","T2","0018","HS_MA_LO_03_0018","littorina_obtusata","MA",NA,"HS",NA,NA,NA,NA,2019-07-11,NA,FALSE,NA,TRUE,TRUE,TRUE,FALSE,FALSE
"03","T2","0024","NT_MA_LL_03_0024","littorina_littorea","MA",NA,"NT",NA,NA,NA,NA,2019-07-11,NA,FALSE,NA,TRUE,TRUE,TRUE,FALSE,FALSE
"03","T3","0028","HS_RI_LO_03_0028","littorina_obtusata","RI",NA,"HS",NA,NA,NA,NA,2019-07-11,NA,FALSE,NA,TRUE,TRUE,TRUE,FALSE,FALSE
"03","T3","0030","CS_MA_LO_03_0030","littorina_obtusata","MA",NA,"CS",NA,NA,NA,NA,2019-07-11,NA,FALSE,NA,TRUE,TRUE,TRUE,FALSE,FALSE
"03","T3","0032","NT_RI_LL_03_0032","littorina_littorea","RI",NA,"NT",NA,NA,NA,NA,2019-07-11,NA,FALSE,NA,TRUE,TRUE,TRUE,FALSE,FALSE
"03","T1","0040","HS_RI_LL_03_0040","littorina_littorea","RI",NA,"HS",NA,NA,NA,NA,2019-07-11,NA,FALSE,NA,TRUE,TRUE,TRUE,FALSE,FALSE
"03","T1","0044","NT_MA_LO_03_0044","littorina_obtusata","MA",NA,"NT",NA,NA,NA,NA,2019-07-11,NA,FALSE,NA,TRUE,TRUE,TRUE,FALSE,FALSE
"03","T2","0046","CS_MA_LL_03_0046","littorina_littorea","MA",NA,"CS",NA,NA,NA,NA,2019-07-11,NA,FALSE,NA,TRUE,TRUE,TRUE,FALSE,FALSE
"03","T3","0057","NT_RI_LL_03_0057","littorina_littorea","RI",NA,"NT",NA,NA,NA,NA,2019-07-11,NA,FALSE,NA,TRUE,TRUE,TRUE,FALSE,FALSE
"03","T2","0060","NT_MA_LS_03_0060","littorina_saxatalis","MA",NA,"NT",NA,NA,NA,NA,2019-07-11,NA,FALSE,NA,TRUE,TRUE,TRUE,FALSE,FALSE
"03","T2","0061","NT_MA_LL_03_0061","littorina_littorea","MA",NA,"NT",NA,NA,NA,NA,2019-07-11,NA,FALSE,NA,TRUE,TRUE,TRUE,FALSE,FALSE
"03","T1","0073","HS_RI_LO_03_0073","littorina_obtusata","RI",NA,"HS",NA,NA,NA,NA,2019-07-11,NA,FALSE,NA,TRUE,TRUE,TRUE,FALSE,FALSE
"03","T3","0074","HS_MA_LS_03_0074","littorina_saxatalis","MA",NA,"HS",NA,NA,NA,NA,2019-07-11,NA,FALSE,NA,TRUE,TRUE,TRUE,FALSE,FALSE
"03","T2","0087","NT_RI_LL_03_0087","littorina_littorea","RI",NA,"NT",NA,NA,NA,NA,2019-07-11,NA,FALSE,NA,TRUE,TRUE,TRUE,FALSE,FALSE
"03","T3","0105","NT_MA_LS_03_0105","littorina_saxatalis","MA",NA,"NT",NA,NA,NA,NA,2019-07-11,NA,FALSE,NA,TRUE,TRUE,TRUE,FALSE,FALSE
"03","T1","0118","CS_RI_LO_03_0118","littorina_obtusata","RI",NA,"CS",NA,NA,NA,NA,2019-07-11,NA,FALSE,NA,TRUE,TRUE,TRUE,FALSE,FALSE
"03","T1","0123","CS_RI_LO_03_0123","littorina_obtusata","RI",NA,"CS",NA,NA,NA,NA,2019-07-11,NA,FALSE,NA,TRUE,TRUE,TRUE,FALSE,FALSE
"03","T3","0127","NT_RI_LL_03_0127","littorina_littorea","RI",NA,"NT",NA,NA,NA,NA,2019-07-11,NA,FALSE,NA,TRUE,TRUE,TRUE,FALSE,FALSE
"03","T3","0136","NT_MA_LO_03_0136","littorina_obtusata","MA",NA,"NT",NA,NA,NA,NA,2019-07-11,NA,FALSE,NA,TRUE,TRUE,TRUE,FALSE,FALSE
"03","T3","0138","HS_RI_LL_03_0138","littorina_littorea","RI",NA,"HS",NA,NA,NA,NA,2019-07-11,NA,FALSE,NA,TRUE,TRUE,TRUE,FALSE,FALSE
"03","T3","0142","HS_MA_LO_03_0142","littorina_obtusata","MA",NA,"HS",NA,NA,NA,NA,2019-07-11,NA,FALSE,NA,TRUE,TRUE,TRUE,FALSE,FALSE
"03","T2","0144","NT_MA_LS_03_0144","littorina_saxatalis","MA",NA,"NT",NA,NA,NA,NA,2019-07-11,NA,FALSE,NA,TRUE,TRUE,TRUE,FALSE,FALSE
"03","T1","0146","CS_RI_LS_03_0146","littorina_saxatalis","RI",NA,"CS",NA,NA,NA,NA,2019-07-11,NA,FALSE,NA,TRUE,TRUE,TRUE,FALSE,FALSE
"03","T2","0147","CS_MA_LO_03_0147","littorina_obtusata","MA",NA,"CS",NA,NA,NA,NA,2019-07-11,NA,FALSE,NA,TRUE,TRUE,TRUE,FALSE,FALSE
"03","T1","0152","HS_RI_LO_03_0152","littorina_obtusata","RI",NA,"HS",NA,NA,NA,NA,2019-07-11,NA,FALSE,NA,TRUE,TRUE,TRUE,FALSE,FALSE
"03","T1","0160","NT_MA_LO_03_0160","littorina_obtusata","MA",NA,"NT",NA,NA,NA,NA,2019-07-11,NA,FALSE,NA,TRUE,TRUE,TRUE,FALSE,FALSE
"03","T2","0174","CS_MA_LL_03_0174","littorina_littorea","MA",NA,"CS",NA,NA,NA,NA,2019-07-11,NA,FALSE,NA,TRUE,TRUE,TRUE,FALSE,FALSE
"03","T3","0175","NT_RI_LL_03_0175","littorina_littorea","RI",NA,"NT",NA,NA,NA,NA,2019-07-11,NA,FALSE,NA,TRUE,TRUE,TRUE,FALSE,FALSE
"03","T3","0176","HS_RI_LO_03_0176","littorina_obtusata","RI",NA,"HS",NA,NA,NA,NA,2019-07-11,NA,FALSE,NA,TRUE,TRUE,TRUE,FALSE,FALSE
"03","T1","0179","HS_RI_LL_03_0179","littorina_littorea","RI",NA,"HS",NA,NA,NA,NA,2019-07-11,NA,FALSE,NA,TRUE,TRUE,TRUE,FALSE,FALSE
"03","T2","0180","CS_MA_LS_03_0180","littorina_saxatalis","MA",NA,"CS",NA,NA,NA,NA,2019-07-11,NA,FALSE,NA,TRUE,TRUE,TRUE,FALSE,FALSE
"03","T1","0181","CS_MA_LL_03_0181","littorina_littorea","MA",NA,"CS",NA,NA,NA,NA,2019-07-11,NA,FALSE,NA,TRUE,TRUE,TRUE,FALSE,FALSE
"03","T1","0194","HS_MA_LL_03_0194","littorina_littorea","MA",NA,"HS",NA,NA,NA,NA,2019-07-11,NA,FALSE,NA,TRUE,TRUE,TRUE,FALSE,FALSE
"03","T3","0195","HS_MA_LL_03_0195","littorina_littorea","MA",NA,"HS",NA,NA,NA,NA,2019-07-11,NA,FALSE,NA,TRUE,TRUE,TRUE,FALSE,FALSE
"03","T2","0201","NT_RI_LS_03_0201","littorina_saxatalis","RI",NA,"NT",NA,NA,NA,NA,2019-07-11,NA,FALSE,NA,TRUE,TRUE,TRUE,FALSE,FALSE
"03","T3","0203","CS_MA_LL_03_0203","littorina_littorea","MA",NA,"CS",NA,NA,NA,NA,2019-07-11,NA,FALSE,NA,TRUE,TRUE,TRUE,FALSE,FALSE
"03","T1","0206","HS_RI_LO_03_0206","littorina_obtusata","RI",NA,"HS",NA,NA,NA,NA,2019-07-11,NA,FALSE,NA,TRUE,TRUE,TRUE,FALSE,FALSE
"03","T2","0209","NT_RI_LO_03_0209","littorina_obtusata","RI",NA,"NT",NA,NA,NA,NA,2019-07-11,NA,FALSE,NA,TRUE,TRUE,TRUE,FALSE,FALSE
"03","T2","0215","HS_RI_LS_03_0215","littorina_saxatalis","RI",NA,"HS",NA,NA,NA,NA,2019-07-11,NA,FALSE,NA,TRUE,TRUE,TRUE,FALSE,FALSE
"03","T3","0220","CS_MA_LO_03_0220","littorina_obtusata","MA",NA,"CS",NA,NA,NA,NA,2019-07-11,NA,FALSE,NA,TRUE,TRUE,TRUE,FALSE,FALSE
"03","T2","0222","NT_MA_LS_03_0222","littorina_saxatalis","MA",NA,"NT",NA,NA,NA,NA,2019-07-11,NA,FALSE,NA,TRUE,TRUE,TRUE,FALSE,FALSE
"03","T3","0226","HS_MA_LO_03_0226","littorina_obtusata","MA",NA,"HS",NA,NA,NA,NA,2019-07-11,NA,FALSE,NA,TRUE,TRUE,TRUE,FALSE,FALSE
"03","T2","0253","HS_RI_LO_03_0253","littorina_obtusata","RI",NA,"HS",NA,NA,NA,NA,2019-07-11,NA,FALSE,NA,TRUE,TRUE,TRUE,FALSE,FALSE
"03","T1","0265","HS_MA_LS_03_0265","littorina_saxatalis","MA",NA,"HS",NA,NA,NA,NA,2019-07-12,NA,FALSE,NA,TRUE,TRUE,TRUE,FALSE,FALSE
"03","T3","0272","NT_RI_LS_03_0272","littorina_saxatalis","RI",NA,"NT",NA,NA,NA,NA,2019-07-12,NA,FALSE,NA,TRUE,TRUE,TRUE,FALSE,FALSE
"03","T2","0298","CS_RI_LO_03_0298","littorina_obtusata","RI",NA,"CS",NA,NA,NA,NA,2019-07-12,NA,FALSE,NA,TRUE,TRUE,TRUE,FALSE,FALSE
"03","T1","0302","HS_RI_LL_03_0302","littorina_littorea","RI",NA,"HS",NA,NA,NA,NA,2019-07-12,NA,FALSE,NA,TRUE,TRUE,TRUE,FALSE,FALSE
"03","T1","0303","HS_MA_LO_03_0303","littorina_obtusata","MA",NA,"HS",NA,NA,NA,NA,2019-07-12,NA,FALSE,NA,TRUE,TRUE,TRUE,FALSE,FALSE
"03","T2","0306","NT_RI_LS_03_0306","littorina_saxatalis","RI",NA,"NT",NA,NA,NA,NA,2019-07-12,NA,FALSE,NA,TRUE,TRUE,TRUE,FALSE,FALSE
"03","T2","0316","CS_RI_LS_03_0316","littorina_saxatalis","RI",NA,"CS",NA,NA,NA,NA,2019-07-12,NA,FALSE,NA,TRUE,TRUE,TRUE,FALSE,FALSE
"03","T1","0325","HS_RI_LS_03_0325","littorina_saxatalis","RI",NA,"HS",NA,NA,NA,NA,2019-07-12,NA,FALSE,NA,TRUE,TRUE,TRUE,FALSE,FALSE
"03","T1","0332","NT_RI_LL_03_0332","littorina_littorea","RI",NA,"NT",NA,NA,NA,NA,2019-07-12,NA,FALSE,NA,TRUE,TRUE,TRUE,FALSE,FALSE
"03","T1","0339","NT_MA_LL_03_0339","littorina_littorea","MA",NA,"NT",NA,NA,NA,NA,2019-07-12,NA,FALSE,NA,TRUE,TRUE,TRUE,FALSE,FALSE
"03","T1","0348","NT_RI_LO_03_0348","littorina_obtusata","RI",NA,"NT",NA,NA,NA,NA,2019-07-12,NA,FALSE,NA,TRUE,TRUE,TRUE,FALSE,FALSE
"03","T3","0350","NT_RI_LL_03_0350","littorina_littorea","RI",NA,"NT",NA,NA,NA,NA,2019-07-12,NA,FALSE,NA,TRUE,TRUE,TRUE,FALSE,FALSE
"03","T2","0352","NT_MA_LL_03_0352","littorina_littorea","MA",NA,"NT",NA,NA,NA,NA,2019-07-12,NA,FALSE,NA,TRUE,TRUE,TRUE,FALSE,FALSE
"03","T2","0369","CS_RI_LO_03_0369","littorina_obtusata","RI",NA,"CS",NA,NA,NA,NA,2019-07-12,NA,FALSE,NA,TRUE,TRUE,TRUE,FALSE,FALSE
"03","T3","0381","NT_RI_LO_03_0381","littorina_obtusata","RI",NA,"NT",NA,NA,NA,NA,2019-07-12,NA,FALSE,NA,TRUE,TRUE,TRUE,FALSE,FALSE
"03","T3","0382","CS_MA_LO_03_0382","littorina_obtusata","MA",NA,"CS",NA,NA,NA,NA,2019-07-12,NA,FALSE,NA,TRUE,TRUE,TRUE,FALSE,FALSE
"03","T1","0401","NT_MA_LS_03_0401","littorina_saxatalis","MA",NA,"NT",NA,NA,NA,NA,2019-07-12,NA,FALSE,NA,TRUE,TRUE,TRUE,FALSE,FALSE
"03","T3","0409","HS_MA_LO_03_0409","littorina_obtusata","MA",NA,"HS",NA,NA,NA,NA,2019-07-12,NA,FALSE,NA,TRUE,TRUE,TRUE,FALSE,FALSE
"03","T2","0413","CS_RI_LO_03_0413","littorina_obtusata","RI",NA,"CS",NA,NA,NA,NA,2019-07-12,NA,FALSE,NA,TRUE,TRUE,TRUE,FALSE,FALSE
"03","T3","0417","CS_RI_LS_03_0417","littorina_saxatalis","RI",NA,"CS",NA,NA,NA,NA,2019-07-12,NA,FALSE,NA,TRUE,TRUE,TRUE,FALSE,FALSE
"03","T1","0418","NT_MA_LO_03_0418","littorina_obtusata","MA",NA,"NT",NA,NA,NA,NA,2019-07-12,NA,FALSE,NA,TRUE,TRUE,TRUE,FALSE,FALSE
"03","T3","0428","CS_RI_LS_03_0428","littorina_saxatalis","RI",NA,"CS",NA,NA,NA,NA,2019-07-12,NA,FALSE,NA,TRUE,TRUE,TRUE,FALSE,FALSE
"03","T3","0433","HS_RI_LL_03_0433","littorina_littorea","RI",NA,"HS",NA,NA,NA,NA,2019-07-12,NA,FALSE,NA,TRUE,TRUE,TRUE,FALSE,FALSE
"03","T2","0455","HS_MA_LL_03_0455","littorina_littorea","MA",NA,"HS",NA,NA,NA,NA,2019-07-12,NA,FALSE,NA,TRUE,TRUE,TRUE,FALSE,FALSE
"03","T2","0456","NT_MA_LO_03_0456","littorina_obtusata","MA",NA,"NT",NA,NA,NA,NA,2019-07-12,NA,FALSE,NA,TRUE,TRUE,TRUE,FALSE,FALSE
"03","T1","0457","CS_RI_LS_03_0457","littorina_saxatalis","RI",NA,"CS",NA,NA,NA,NA,2019-07-12,NA,FALSE,NA,TRUE,TRUE,TRUE,FALSE,FALSE
"03","T3","0469","CS_MA_LO_03_0469","littorina_obtusata","MA",NA,"CS",NA,NA,NA,NA,2019-07-12,NA,FALSE,NA,TRUE,TRUE,TRUE,FALSE,FALSE
"03","T2","0484","HS_RI_LL_03_0484","littorina_littorea","RI",NA,"HS",NA,NA,NA,NA,2019-07-12,NA,FALSE,NA,TRUE,TRUE,TRUE,FALSE,FALSE
"03","T3","0485","NT_RI_LS_03_0485","littorina_saxatalis","RI",NA,"NT",NA,NA,NA,NA,2019-07-12,NA,FALSE,NA,TRUE,TRUE,TRUE,FALSE,FALSE
"03","T1","0498","NT_MA_LS_03_0498","littorina_saxatalis","MA",NA,"NT",NA,NA,NA,NA,2019-07-12,NA,FALSE,NA,TRUE,TRUE,TRUE,FALSE,FALSE
"03","T3","0506","NT_RI_LO_03_0506","littorina_obtusata","RI",NA,"NT",NA,NA,NA,NA,2019-07-12,NA,FALSE,NA,TRUE,TRUE,TRUE,FALSE,FALSE
"03","T3","0507","HS_RI_LO_03_0507","littorina_obtusata","RI",NA,"HS",NA,NA,NA,NA,2019-07-12,NA,FALSE,NA,TRUE,TRUE,TRUE,FALSE,FALSE
"03","T2","0510","CS_RI_LS_03_0510","littorina_saxatalis","RI",NA,"CS",NA,NA,NA,NA,2019-07-12,NA,FALSE,NA,TRUE,TRUE,TRUE,FALSE,FALSE
"03","T1","0513","HS_MA_LS_03_0513","littorina_saxatalis","MA",NA,"HS",NA,NA,NA,NA,2019-07-12,NA,FALSE,NA,TRUE,TRUE,TRUE,FALSE,FALSE
"03","T1","0515","HS_MA_LS_03_0515","littorina_saxatalis","MA",NA,"HS",NA,NA,NA,NA,2019-07-12,NA,FALSE,NA,TRUE,TRUE,TRUE,FALSE,FALSE
"03","T2","0519","CS_MA_LL_03_0519","littorina_littorea","MA",NA,"CS",NA,NA,NA,NA,2019-07-12,NA,FALSE,NA,TRUE,TRUE,TRUE,FALSE,FALSE
"03","T2","0532","CS_RI_LL_03_0532","littorina_littorea","RI",NA,"CS",NA,NA,NA,NA,2019-07-12,NA,FALSE,NA,TRUE,TRUE,TRUE,FALSE,FALSE
"03","T3","0537","HS_RI_LS_03_0537","littorina_saxatalis","RI",NA,"HS",NA,NA,NA,NA,2019-07-12,NA,FALSE,NA,TRUE,TRUE,TRUE,FALSE,FALSE
"03","T2","0538","NT_MA_LL_03_0538","littorina_littorea","MA",NA,"NT",NA,NA,NA,NA,2019-07-12,NA,FALSE,NA,TRUE,TRUE,TRUE,FALSE,FALSE
"03","T1","0545","NT_MA_LS_03_0545","littorina_saxatalis","MA",NA,"NT",NA,NA,NA,NA,2019-07-12,NA,FALSE,NA,TRUE,TRUE,TRUE,FALSE,FALSE
"03","T3","0546","HS_MA_LL_03_0546","littorina_littorea","MA",NA,"HS",NA,NA,NA,NA,2019-07-12,NA,FALSE,NA,TRUE,TRUE,TRUE,FALSE,FALSE
"03","T3","0547","HS_MA_LO_03_0547","littorina_obtusata","MA",NA,"HS",NA,NA,NA,NA,2019-07-12,NA,FALSE,NA,TRUE,TRUE,TRUE,FALSE,FALSE
"03","T2","0551","CS_RI_LL_03_0551","littorina_littorea","RI",NA,"CS",NA,NA,NA,NA,2019-07-12,NA,FALSE,NA,TRUE,TRUE,TRUE,FALSE,FALSE
"03","T1","0556","CS_MA_LO_03_0556","littorina_obtusata","MA",NA,"CS",NA,NA,NA,NA,2019-07-12,NA,FALSE,NA,TRUE,TRUE,TRUE,FALSE,FALSE
"03","T1","0557","NT_MA_LL_03_0557","littorina_littorea","MA",NA,"NT",NA,NA,NA,NA,2019-07-12,NA,FALSE,NA,TRUE,TRUE,TRUE,FALSE,FALSE
"03","T3","0562","HS_MA_LS_03_0562","littorina_saxatalis","MA",NA,"HS",NA,NA,NA,NA,2019-07-15,NA,FALSE,NA,TRUE,TRUE,TRUE,FALSE,FALSE
"03","T2","0590","NT_MA_LS_03_0590","littorina_saxatalis","MA",NA,"NT",NA,NA,NA,NA,2019-07-15,NA,FALSE,NA,TRUE,TRUE,TRUE,FALSE,FALSE
"03","T1","0591","HS_MA_LS_03_0591","littorina_saxatalis","MA",NA,"HS",NA,NA,NA,NA,2019-07-15,NA,FALSE,NA,TRUE,TRUE,TRUE,FALSE,FALSE
"03","T2","0595","CS_RI_LL_03_0595","littorina_littorea","RI",NA,"CS",NA,NA,NA,NA,2019-07-15,NA,FALSE,NA,TRUE,TRUE,TRUE,FALSE,FALSE
"03","T1","0598","HS_RI_LO_03_0598","littorina_obtusata","RI",NA,"HS",NA,NA,NA,NA,2019-07-15,NA,FALSE,NA,TRUE,TRUE,TRUE,FALSE,FALSE
"03","T1","0601","NT_MA_LL_03_0601","littorina_littorea","MA",NA,"NT",NA,NA,NA,NA,2019-07-15,NA,FALSE,NA,TRUE,TRUE,TRUE,FALSE,FALSE
"03","T2","0611","HS_MA_LL_03_0611","littorina_littorea","MA",NA,"HS",NA,NA,NA,NA,2019-07-15,NA,FALSE,NA,TRUE,TRUE,TRUE,FALSE,FALSE
"03","T1","0619","CS_RI_LS_03_0619","littorina_saxatalis","RI",NA,"CS",NA,NA,NA,NA,2019-07-15,NA,FALSE,NA,TRUE,TRUE,TRUE,FALSE,FALSE
"03","T1","0629","HS_RI_LO_03_0629","littorina_obtusata","RI",NA,"HS",NA,NA,NA,NA,2019-07-15,NA,FALSE,NA,TRUE,TRUE,TRUE,FALSE,FALSE
"03","T1","0636","CS_RI_LL_03_0636","littorina_littorea","RI",NA,"CS",NA,NA,NA,NA,2019-07-15,NA,FALSE,NA,TRUE,TRUE,TRUE,FALSE,FALSE
"03","T1","0637","HS_RI_LS_03_0637","littorina_saxatalis","RI",NA,"HS",NA,NA,NA,NA,2019-07-15,NA,FALSE,NA,TRUE,TRUE,TRUE,FALSE,FALSE
"03","T3","0640","HS_MA_LO_03_0640","littorina_obtusata","MA",NA,"HS",NA,NA,NA,NA,2019-07-15,NA,FALSE,NA,TRUE,TRUE,TRUE,FALSE,FALSE
"03","T3","0641","NT_RI_LS_03_0641","littorina_saxatalis","RI",NA,"NT",NA,NA,NA,NA,2019-07-15,NA,FALSE,NA,TRUE,TRUE,TRUE,FALSE,FALSE
"03","T2","0646","CS_MA_LL_03_0646","littorina_littorea","MA",NA,"CS",NA,NA,NA,NA,2019-07-15,NA,FALSE,NA,TRUE,TRUE,TRUE,FALSE,FALSE
"03","T1","0649","NT_MA_LL_03_0649","littorina_littorea","MA",NA,"NT",NA,NA,NA,NA,2019-07-15,NA,FALSE,NA,TRUE,TRUE,TRUE,FALSE,FALSE
"03","T2","0650","CS_RI_LO_03_0650","littorina_obtusata","RI",NA,"CS",NA,NA,NA,NA,2019-07-15,NA,FALSE,NA,TRUE,TRUE,TRUE,FALSE,FALSE
"03","T3","0656","NT_MA_LO_03_0656","littorina_obtusata","MA",NA,"NT",NA,NA,NA,NA,2019-07-15,NA,FALSE,NA,TRUE,TRUE,TRUE,FALSE,FALSE
"03","T2","0657","CS_MA_LL_03_0657","littorina_littorea","MA",NA,"CS",NA,NA,NA,NA,2019-07-15,NA,FALSE,NA,TRUE,TRUE,TRUE,FALSE,FALSE
"03","T3","0661","HS_MA_LL_03_0661","littorina_littorea","MA",NA,"HS",NA,NA,NA,NA,2019-07-15,NA,FALSE,NA,TRUE,TRUE,TRUE,FALSE,FALSE
"03","T1","0666","NT_MA_LL_03_0666","littorina_littorea","MA",NA,"NT",NA,NA,NA,NA,2019-07-15,NA,FALSE,NA,TRUE,TRUE,TRUE,FALSE,FALSE
"03","T2","0668","NT_RI_LO_03_0668","littorina_obtusata","RI",NA,"NT",NA,NA,NA,NA,2019-07-15,NA,FALSE,NA,TRUE,TRUE,TRUE,FALSE,FALSE
"03","T1","0669","CS_MA_LS_03_0669","littorina_saxatalis","MA",NA,"CS",NA,NA,NA,NA,2019-07-15,NA,FALSE,NA,TRUE,TRUE,TRUE,FALSE,FALSE
"03","T3","0672","NT_RI_LL_03_0672","littorina_littorea","RI",NA,"NT",NA,NA,NA,NA,2019-07-15,NA,FALSE,NA,TRUE,TRUE,TRUE,FALSE,FALSE
"03","T3","0673","CS_MA_LO_03_0673","littorina_obtusata","MA",NA,"CS",NA,NA,NA,NA,2019-07-15,NA,FALSE,NA,TRUE,TRUE,TRUE,FALSE,FALSE
"03","T3","0678","NT_RI_LS_03_0678","littorina_saxatalis","RI",NA,"NT",NA,NA,NA,NA,2019-07-15,NA,FALSE,NA,TRUE,TRUE,TRUE,FALSE,FALSE
"03","T3","0686","CS_MA_LL_03_0686","littorina_littorea","MA",NA,"CS",NA,NA,NA,NA,2019-07-15,NA,FALSE,NA,TRUE,TRUE,TRUE,FALSE,FALSE
"03","T2","0690","NT_RI_LS_03_0690","littorina_saxatalis","RI",NA,"NT",NA,NA,NA,NA,2019-07-15,NA,FALSE,NA,TRUE,TRUE,TRUE,FALSE,FALSE
"03","T1","0691","HS_MA_LS_03_0691","littorina_saxatalis","MA",NA,"HS",NA,NA,NA,NA,2019-07-15,NA,FALSE,NA,TRUE,TRUE,TRUE,FALSE,FALSE
"03","T1","0705","CS_RI_LS_03_0705","littorina_saxatalis","RI",NA,"CS",NA,NA,NA,NA,2019-07-15,NA,FALSE,NA,TRUE,TRUE,TRUE,FALSE,FALSE
"03","T1","0720","NT_RI_LO_03_0720","littorina_obtusata","RI",NA,"NT",NA,NA,NA,NA,2019-07-15,NA,FALSE,NA,TRUE,TRUE,TRUE,FALSE,FALSE
"03","T3","0742","NT_MA_LO_03_0742","littorina_obtusata","MA",NA,"NT",NA,NA,NA,NA,2019-07-15,NA,FALSE,NA,TRUE,TRUE,TRUE,FALSE,FALSE
"03","T1","0747","HS_RI_LS_03_0747","littorina_saxatalis","RI",NA,"HS",NA,NA,NA,NA,2019-07-15,NA,FALSE,NA,TRUE,TRUE,TRUE,FALSE,FALSE
"03","T1","0749","CS_RI_LS_03_0749","littorina_saxatalis","RI",NA,"CS",NA,NA,NA,NA,2019-07-15,NA,FALSE,NA,TRUE,TRUE,TRUE,FALSE,FALSE
"03","T2","0757","NT_RI_LO_03_0757","littorina_obtusata","RI",NA,"NT",NA,NA,NA,NA,2019-07-15,NA,FALSE,NA,TRUE,TRUE,TRUE,FALSE,FALSE
"03","T3","0758","CS_MA_LS_03_0758","littorina_saxatalis","MA",NA,"CS",NA,NA,NA,NA,2019-07-15,NA,FALSE,NA,TRUE,TRUE,TRUE,FALSE,FALSE
"03","T2","0759","HS_RI_LL_03_0759","littorina_littorea","RI",NA,"HS",NA,NA,NA,NA,2019-07-15,NA,FALSE,NA,TRUE,TRUE,TRUE,FALSE,FALSE
"03","T2","0768","HS_RI_LO_03_0768","littorina_obtusata","RI",NA,"HS",NA,NA,NA,NA,2019-07-15,NA,FALSE,NA,TRUE,TRUE,TRUE,FALSE,FALSE
"03","T1","0770","HS_RI_LL_03_0770","littorina_littorea","RI",NA,"HS",NA,NA,NA,NA,2019-07-15,NA,FALSE,NA,TRUE,TRUE,TRUE,FALSE,FALSE
"03","T3","0771","CS_MA_LL_03_0771","littorina_littorea","MA",NA,"CS",NA,NA,NA,NA,2019-07-15,NA,FALSE,NA,TRUE,TRUE,TRUE,FALSE,FALSE
"03","T1","0772","HS_MA_LS_03_0772","littorina_saxatalis","MA",NA,"HS",NA,NA,NA,NA,2019-07-15,NA,FALSE,NA,TRUE,TRUE,TRUE,FALSE,FALSE
"03","T2","0789","NT_MA_LL_03_0789","littorina_littorea","MA",NA,"NT",NA,NA,NA,NA,2019-07-15,NA,FALSE,NA,TRUE,TRUE,TRUE,FALSE,FALSE
"03","T2","0807","HS_MA_LO_03_0807","littorina_obtusata","MA",NA,"HS",NA,NA,NA,NA,2019-07-15,NA,FALSE,NA,TRUE,TRUE,TRUE,FALSE,FALSE
"03","T1","0809","HS_RI_LS_03_0809","littorina_saxatalis","RI",NA,"HS",NA,NA,NA,NA,2019-07-15,NA,FALSE,NA,TRUE,TRUE,TRUE,FALSE,FALSE
"03","T2","0819","HS_RI_LL_03_0819","littorina_littorea","RI",NA,"HS",NA,NA,NA,NA,2019-07-15,NA,FALSE,NA,TRUE,TRUE,TRUE,FALSE,FALSE
"03","T1","0822","HS_MA_LO_03_0822","littorina_obtusata","MA",NA,"HS",NA,NA,NA,NA,2019-07-15,NA,FALSE,NA,TRUE,TRUE,TRUE,FALSE,FALSE
"03","T1","0823","CS_MA_LS_03_0823","littorina_saxatalis","MA",NA,"CS",NA,NA,NA,NA,2019-07-16,NA,FALSE,NA,TRUE,TRUE,TRUE,FALSE,FALSE
"03","T3","0825","NT_RI_LL_03_0825","littorina_littorea","RI",NA,"NT",NA,NA,NA,NA,2019-07-16,NA,FALSE,NA,TRUE,TRUE,TRUE,FALSE,FALSE
"03","T1","0846","CS_RI_LL_03_0846","littorina_littorea","RI",NA,"CS",NA,NA,NA,NA,2019-07-16,NA,FALSE,NA,TRUE,TRUE,TRUE,FALSE,FALSE
"03","T2","0852","HS_RI_LL_03_0852","littorina_littorea","RI",NA,"HS",NA,NA,NA,NA,2019-07-16,NA,FALSE,NA,TRUE,TRUE,TRUE,FALSE,FALSE
"03","T3","0853","HS_MA_LL_03_0853","littorina_littorea","MA",NA,"HS",NA,NA,NA,NA,2019-07-16,NA,FALSE,NA,TRUE,TRUE,TRUE,FALSE,FALSE
"03","T2","0859","CS_MA_LS_03_0859","littorina_saxatalis","MA",NA,"CS",NA,NA,NA,NA,2019-07-16,NA,FALSE,NA,TRUE,TRUE,TRUE,FALSE,FALSE
"03","T3","0863","CS_MA_LO_03_0863","littorina_obtusata","MA",NA,"CS",NA,NA,NA,NA,2019-07-16,NA,FALSE,NA,TRUE,TRUE,TRUE,FALSE,FALSE
"03","T2","0867","CS_RI_LO_03_0867","littorina_obtusata","RI",NA,"CS",NA,NA,NA,NA,2019-07-16,NA,FALSE,NA,TRUE,TRUE,TRUE,FALSE,FALSE
"03","T2","0873","NT_RI_LL_03_0873","littorina_littorea","RI",NA,"NT",NA,NA,NA,NA,2019-07-16,NA,FALSE,NA,TRUE,TRUE,TRUE,FALSE,FALSE
"03","T1","0880","HS_MA_LO_03_0880","littorina_obtusata","MA",NA,"HS",NA,NA,NA,NA,2019-07-16,NA,FALSE,NA,TRUE,TRUE,TRUE,FALSE,FALSE
"03","T3","0881","NT_RI_LO_03_0881","littorina_obtusata","RI",NA,"NT",NA,NA,NA,NA,2019-07-16,NA,FALSE,NA,TRUE,TRUE,TRUE,FALSE,FALSE
"03","T2","0890","HS_RI_LS_03_0890","littorina_saxatalis","RI",NA,"HS",NA,NA,NA,NA,2019-07-16,NA,FALSE,NA,TRUE,TRUE,TRUE,FALSE,FALSE
"03","T2","0892","CS_RI_LO_03_0892","littorina_obtusata","RI",NA,"CS",NA,NA,NA,NA,2019-07-16,NA,FALSE,NA,TRUE,TRUE,TRUE,FALSE,FALSE
"03","T2","0897","CS_MA_LS_03_0897","littorina_saxatalis","MA",NA,"CS",NA,NA,NA,NA,2019-07-16,NA,FALSE,NA,TRUE,TRUE,TRUE,FALSE,FALSE
"03","T1","0898","CS_RI_LL_03_0898","littorina_littorea","RI",NA,"CS",NA,NA,NA,NA,2019-07-16,NA,FALSE,NA,TRUE,TRUE,TRUE,FALSE,FALSE
"03","T2","0911","CS_RI_LL_03_0911","littorina_littorea","RI",NA,"CS",NA,NA,NA,NA,2019-07-16,NA,FALSE,NA,TRUE,TRUE,TRUE,FALSE,FALSE
"03","T1","0912","CS_MA_LS_03_0912","littorina_saxatalis","MA",NA,"CS",NA,NA,NA,NA,2019-07-16,NA,FALSE,NA,TRUE,TRUE,TRUE,FALSE,FALSE
"03","T1","0913","CS_RI_LO_03_0913","littorina_obtusata","RI",NA,"CS",NA,NA,NA,NA,2019-07-16,NA,FALSE,NA,TRUE,TRUE,TRUE,FALSE,FALSE
"03","T3","0916","HS_RI_LS_03_0916","littorina_saxatalis","RI",NA,"HS",NA,NA,NA,NA,2019-07-16,NA,FALSE,NA,TRUE,TRUE,TRUE,FALSE,FALSE
"03","T3","0922","CS_MA_LS_03_0922","littorina_saxatalis","MA",NA,"CS",NA,NA,NA,NA,2019-07-16,NA,FALSE,NA,TRUE,TRUE,TRUE,FALSE,FALSE
"03","T2","0936","NT_RI_LS_03_0936","littorina_saxatalis","RI",NA,"NT",NA,NA,NA,NA,2019-07-16,NA,FALSE,NA,TRUE,TRUE,TRUE,FALSE,FALSE
"03","T2","0942","HS_MA_LL_03_0942","littorina_littorea","MA",NA,"HS",NA,NA,NA,NA,2019-07-16,NA,FALSE,NA,TRUE,TRUE,TRUE,FALSE,FALSE
"03","T3","0954","CS_MA_LS_03_0954","littorina_saxatalis","MA",NA,"CS",NA,NA,NA,NA,2019-07-16,NA,FALSE,NA,TRUE,TRUE,TRUE,FALSE,FALSE
"03","T2","0965","CS_MA_LL_03_0965","littorina_littorea","MA",NA,"CS",NA,NA,NA,NA,2019-07-16,NA,FALSE,NA,TRUE,TRUE,TRUE,FALSE,FALSE
"03","T2","0969","HS_RI_LS_03_0969","littorina_saxatalis","RI",NA,"HS",NA,NA,NA,NA,2019-07-16,NA,FALSE,NA,TRUE,TRUE,TRUE,FALSE,FALSE
"03","T3","0972","NT_RI_LO_03_0972","littorina_obtusata","RI",NA,"NT",NA,NA,NA,NA,2019-07-16,NA,FALSE,NA,TRUE,TRUE,TRUE,FALSE,FALSE
"03","T3","0977","NT_MA_LS_03_0977","littorina_saxatalis","MA",NA,"NT",NA,NA,NA,NA,2019-07-16,NA,FALSE,NA,TRUE,TRUE,TRUE,FALSE,FALSE
"03","T3","0980","CS_RI_LO_03_0980","littorina_obtusata","RI",NA,"CS",NA,NA,NA,NA,2019-07-16,NA,FALSE,NA,TRUE,TRUE,TRUE,FALSE,FALSE
"03","T2","0982","HS_MA_LS_03_0982","littorina_saxatalis","MA",NA,"HS",NA,NA,NA,NA,2019-07-16,NA,FALSE,NA,TRUE,TRUE,TRUE,FALSE,FALSE
"03","T2","0988","CS_MA_LS_03_0988","littorina_saxatalis","MA",NA,"CS",NA,NA,NA,NA,2019-07-16,NA,FALSE,NA,TRUE,TRUE,TRUE,FALSE,FALSE
"03","T3","0989","NT_MA_LS_03_0989","littorina_saxatalis","MA",NA,"NT",NA,NA,NA,NA,2019-07-16,NA,FALSE,NA,TRUE,TRUE,TRUE,FALSE,FALSE
"03","T1","1010","CS_RI_LS_03_1010","littorina_saxatalis","RI",NA,"CS",NA,NA,NA,NA,2019-07-16,NA,FALSE,NA,TRUE,TRUE,TRUE,FALSE,FALSE
"03","T1","1021","NT_MA_LO_03_1021","littorina_obtusata","MA",NA,"NT",NA,NA,NA,NA,2019-07-16,NA,FALSE,NA,TRUE,TRUE,TRUE,FALSE,FALSE
"03","T1","1026","HS_RI_LS_03_1026","littorina_saxatalis","RI",NA,"HS",NA,NA,NA,NA,2019-07-16,NA,FALSE,NA,TRUE,TRUE,TRUE,FALSE,FALSE
"03","T3","1041","NT_MA_LO_03_1041","littorina_obtusata","MA",NA,"NT",NA,NA,NA,NA,2019-07-16,NA,FALSE,NA,TRUE,TRUE,TRUE,FALSE,FALSE
"03","T1","1049","CS_RI_LL_03_1049","littorina_littorea","RI",NA,"CS",NA,NA,NA,NA,2019-07-16,NA,FALSE,NA,TRUE,TRUE,TRUE,FALSE,FALSE
"03","T2","1054","CS_MA_LO_03_1054","littorina_obtusata","MA",NA,"CS",NA,NA,NA,NA,2019-07-16,NA,FALSE,NA,TRUE,TRUE,TRUE,FALSE,FALSE
"03","T3","1056","CS_RI_LL_03_1056","littorina_littorea","RI",NA,"CS",NA,NA,NA,NA,2019-07-16,NA,FALSE,NA,TRUE,TRUE,TRUE,FALSE,FALSE
"03","T3","1059","HS_MA_LL_03_1059","littorina_littorea","MA",NA,"HS",NA,NA,NA,NA,2019-07-16,NA,FALSE,NA,TRUE,TRUE,TRUE,FALSE,FALSE
"03","T1","1062","NT_RI_LS_03_1062","littorina_saxatalis","RI",NA,"NT",NA,NA,NA,NA,2019-07-16,NA,FALSE,NA,TRUE,TRUE,TRUE,FALSE,FALSE
"03","T3","1063","CS_MA_LO_03_1063","littorina_obtusata","MA",NA,"CS",NA,NA,NA,NA,2019-07-16,NA,FALSE,NA,TRUE,TRUE,TRUE,FALSE,FALSE
"03","T2","1065","NT_RI_LO_03_1065","littorina_obtusata","RI",NA,"NT",NA,NA,NA,NA,2019-07-16,NA,FALSE,NA,TRUE,TRUE,TRUE,FALSE,FALSE
"03","T1","1073","HS_MA_LL_03_1073","littorina_littorea","MA",NA,"HS",NA,NA,NA,NA,2019-07-16,NA,FALSE,NA,TRUE,TRUE,TRUE,FALSE,FALSE
"03","T3","1074","HS_MA_LS_03_1074","littorina_saxatalis","MA",NA,"HS",NA,NA,NA,NA,2019-07-16,NA,FALSE,NA,TRUE,TRUE,TRUE,FALSE,FALSE
"03","T2","1076","NT_MA_LO_03_1076","littorina_obtusata","MA",NA,"NT",NA,NA,NA,NA,2019-07-16,NA,FALSE,NA,TRUE,TRUE,TRUE,FALSE,FALSE
"04","T3","0001","NT_RI_LS_04_0001","littorina_saxatalis","RI",NA,"NT",NA,NA,NA,NA,2019-07-17,NA,FALSE,NA,TRUE,TRUE,TRUE,FALSE,FALSE
"04","T2","0006","NT_RI_LL_04_0006","littorina_littorea","RI",NA,"NT",NA,NA,NA,NA,2019-07-17,NA,FALSE,NA,TRUE,TRUE,TRUE,FALSE,FALSE
"04","T3","0014","NT_MA_LO_04_0014","littorina_obtusata","MA",NA,"NT",NA,NA,NA,NA,2019-07-17,NA,FALSE,NA,TRUE,TRUE,TRUE,FALSE,FALSE
"04","T3","0023","HS_MA_LO_04_0023","littorina_obtusata","MA",NA,"HS",NA,NA,NA,NA,2019-07-17,NA,FALSE,NA,TRUE,TRUE,TRUE,FALSE,FALSE
"04","T2","0043","NT_RI_LO_04_0043","littorina_obtusata","RI",NA,"NT",NA,NA,NA,NA,2019-07-17,NA,FALSE,NA,TRUE,TRUE,TRUE,FALSE,FALSE
"04","T2","0048","HS_MA_LL_04_0048","littorina_littorea","MA",NA,"HS",NA,NA,NA,NA,2019-07-17,NA,FALSE,NA,TRUE,TRUE,TRUE,FALSE,FALSE
"04","T3","0063","HS_MA_LS_04_0063","littorina_saxatalis","MA",NA,"HS",NA,NA,NA,NA,2019-07-17,NA,FALSE,NA,TRUE,TRUE,TRUE,FALSE,FALSE
"04","T3","0064","CS_RI_LS_04_0064","littorina_saxatalis","RI",NA,"CS",NA,NA,NA,NA,2019-07-17,NA,FALSE,NA,TRUE,TRUE,TRUE,FALSE,FALSE
"04","T3","0076","NT_RI_LO_04_0076","littorina_obtusata","RI",NA,"NT",NA,NA,NA,NA,2019-07-17,NA,FALSE,NA,TRUE,TRUE,TRUE,FALSE,FALSE
"04","T3","0078","CS_MA_LO_04_0078","littorina_obtusata","MA",NA,"CS",NA,NA,NA,NA,2019-07-17,NA,FALSE,NA,TRUE,TRUE,TRUE,FALSE,FALSE
"04","T3","0084","HS_RI_LO_04_0084","littorina_obtusata","RI",NA,"HS",NA,NA,NA,NA,2019-07-17,NA,FALSE,NA,TRUE,TRUE,TRUE,FALSE,FALSE
"04","T2","0089","NT_MA_LS_04_0089","littorina_saxatalis","MA",NA,"NT",NA,NA,NA,NA,2019-07-17,NA,FALSE,NA,TRUE,TRUE,TRUE,FALSE,FALSE
"04","T2","0090","NT_MA_LS_04_0090","littorina_saxatalis","MA",NA,"NT",NA,NA,NA,NA,2019-07-17,NA,FALSE,NA,TRUE,TRUE,TRUE,FALSE,FALSE
"04","T1","0093","NT_MA_LL_04_0093","littorina_littorea","MA",NA,"NT",NA,NA,NA,NA,2019-07-17,NA,FALSE,NA,TRUE,TRUE,TRUE,FALSE,FALSE
"04","T3","0098","CS_MA_LL_04_0098","littorina_littorea","MA",NA,"CS",NA,NA,NA,NA,2019-07-17,NA,FALSE,NA,TRUE,TRUE,TRUE,FALSE,FALSE
"04","T3","0104","NT_MA_LO_04_0104","littorina_obtusata","MA",NA,"NT",NA,NA,NA,NA,2019-07-17,NA,FALSE,NA,TRUE,TRUE,TRUE,FALSE,FALSE
"04","T2","0107","HS_RI_LL_04_0107","littorina_littorea","RI",NA,"HS",NA,NA,NA,NA,2019-07-17,NA,FALSE,NA,TRUE,TRUE,TRUE,FALSE,FALSE
"04","T1","0108","CS_RI_LL_04_0108","littorina_littorea","RI",NA,"CS",NA,NA,NA,NA,2019-07-17,NA,FALSE,NA,TRUE,TRUE,TRUE,FALSE,FALSE
"04","T3","0111","NT_RI_LO_04_0111","littorina_obtusata","RI",NA,"NT",NA,NA,NA,NA,2019-07-17,NA,FALSE,NA,TRUE,TRUE,TRUE,FALSE,FALSE
"04","T1","0119","CS_MA_LS_04_0119","littorina_saxatalis","MA",NA,"CS",NA,NA,NA,NA,2019-07-17,NA,FALSE,NA,TRUE,TRUE,TRUE,FALSE,FALSE
"04","T1","0130","HS_RI_LO_04_0130","littorina_obtusata","RI",NA,"HS",NA,NA,NA,NA,2019-07-17,NA,FALSE,NA,TRUE,TRUE,TRUE,FALSE,FALSE
"04","T2","0148","NT_MA_LO_04_0148","littorina_obtusata","MA",NA,"NT",NA,NA,NA,NA,2019-07-17,NA,FALSE,NA,TRUE,TRUE,TRUE,FALSE,FALSE
"04","T2","0161","HS_MA_LL_04_0161","littorina_littorea","MA",NA,"HS",NA,NA,NA,NA,2019-07-17,NA,FALSE,NA,TRUE,TRUE,TRUE,FALSE,FALSE
"04","T2","0167","NT_MA_LO_04_0167","littorina_obtusata","MA",NA,"NT",NA,NA,NA,NA,2019-07-17,NA,FALSE,NA,TRUE,TRUE,TRUE,FALSE,FALSE
"04","T3","0187","HS_RI_LO_04_0187","littorina_obtusata","RI",NA,"HS",NA,NA,NA,NA,2019-07-17,NA,FALSE,NA,TRUE,TRUE,TRUE,FALSE,FALSE
"04","T1","0189","NT_RI_LL_04_0189","littorina_littorea","RI",NA,"NT",NA,NA,NA,NA,2019-07-17,NA,FALSE,NA,TRUE,TRUE,TRUE,FALSE,FALSE
"04","T3","0191","HS_RI_LL_04_0191","littorina_littorea","RI",NA,"HS",NA,NA,NA,NA,2019-07-17,NA,FALSE,NA,TRUE,TRUE,TRUE,FALSE,FALSE
"04","T3","0197","CS_MA_LL_04_0197","littorina_littorea","MA",NA,"CS",NA,NA,NA,NA,2019-07-17,NA,FALSE,NA,TRUE,TRUE,TRUE,FALSE,FALSE
"04","T2","0198","CS_MA_LL_04_0198","littorina_littorea","MA",NA,"CS",NA,NA,NA,NA,2019-07-17,NA,FALSE,NA,TRUE,TRUE,TRUE,FALSE,FALSE
"04","T2","0204","CS_RI_LL_04_0204","littorina_littorea","RI",NA,"CS",NA,NA,NA,NA,2019-07-17,NA,FALSE,NA,TRUE,TRUE,TRUE,FALSE,FALSE
"04","T2","0205","HS_RI_LL_04_0205","littorina_littorea","RI",NA,"HS",NA,NA,NA,NA,2019-07-17,NA,FALSE,NA,TRUE,TRUE,TRUE,FALSE,FALSE
"04","T2","0217","HS_MA_LO_04_0217","littorina_obtusata","MA",NA,"HS",NA,NA,NA,NA,2019-07-17,NA,FALSE,NA,TRUE,TRUE,TRUE,FALSE,FALSE
"04","T1","0223","CS_RI_LS_04_0223","littorina_saxatalis","RI",NA,"CS",NA,NA,NA,NA,2019-07-17,NA,FALSE,NA,TRUE,TRUE,TRUE,FALSE,FALSE
"04","T1","0224","HS_MA_LL_04_0224","littorina_littorea","MA",NA,"HS",NA,NA,NA,NA,2019-07-17,NA,FALSE,NA,TRUE,TRUE,TRUE,FALSE,FALSE
"04","T1","0228","CS_RI_LO_04_0228","littorina_obtusata","RI",NA,"CS",NA,NA,NA,NA,2019-07-17,NA,FALSE,NA,TRUE,TRUE,TRUE,FALSE,FALSE
"04","T1","0233","CS_RI_LS_04_0233","littorina_saxatalis","RI",NA,"CS",NA,NA,NA,NA,2019-07-17,NA,FALSE,NA,TRUE,TRUE,TRUE,FALSE,FALSE
"04","T3","0240","NT_MA_LL_04_0240","littorina_littorea","MA",NA,"NT",NA,NA,NA,NA,2019-07-17,NA,FALSE,NA,TRUE,TRUE,TRUE,FALSE,FALSE
"04","T1","0249","HS_MA_LL_04_0249","littorina_littorea","MA",NA,"HS",NA,NA,NA,NA,2019-07-17,NA,FALSE,NA,TRUE,TRUE,TRUE,FALSE,FALSE
"04","T1","0251","NT_MA_LS_04_0251","littorina_saxatalis","MA",NA,"NT",NA,NA,NA,NA,2019-07-17,NA,FALSE,NA,TRUE,TRUE,TRUE,FALSE,FALSE
"04","T1","0252","CS_MA_LS_04_0252","littorina_saxatalis","MA",NA,"CS",NA,NA,NA,NA,2019-07-17,NA,FALSE,NA,TRUE,TRUE,TRUE,FALSE,FALSE
"04","T3","0257","NT_RI_LS_04_0257","littorina_saxatalis","RI",NA,"NT",NA,NA,NA,NA,2019-07-17,NA,FALSE,NA,TRUE,TRUE,TRUE,FALSE,FALSE
"04","T1","0259","HS_RI_LL_04_0259","littorina_littorea","RI",NA,"HS",NA,NA,NA,NA,2019-07-17,NA,FALSE,NA,TRUE,TRUE,TRUE,FALSE,FALSE
"04","T3","0261","HS_MA_LL_04_0261","littorina_littorea","MA",NA,"HS",NA,NA,NA,NA,2019-07-17,NA,FALSE,NA,TRUE,TRUE,TRUE,FALSE,FALSE
"04","T3","0267","CS_MA_LL_04_0267","littorina_littorea","MA",NA,"CS",NA,NA,NA,NA,2019-07-17,NA,FALSE,NA,TRUE,TRUE,TRUE,FALSE,FALSE
"04","T2","0290","CS_MA_LO_04_0290","littorina_obtusata","MA",NA,"CS",NA,NA,NA,NA,2019-07-17,NA,FALSE,NA,TRUE,TRUE,TRUE,FALSE,FALSE
"04","T1","0295","NT_RI_LS_04_0295","littorina_saxatalis","RI",NA,"NT",NA,NA,NA,NA,2019-07-18,NA,FALSE,NA,TRUE,TRUE,TRUE,FALSE,FALSE
"04","T3","0299","HS_MA_LS_04_0299","littorina_saxatalis","MA",NA,"HS",NA,NA,NA,NA,2019-07-18,NA,FALSE,NA,TRUE,TRUE,TRUE,FALSE,FALSE
"04","T2","0310","CS_RI_LL_04_0310","littorina_littorea","RI",NA,"CS",NA,NA,NA,NA,2019-07-18,NA,FALSE,NA,TRUE,TRUE,TRUE,FALSE,FALSE
"04","T2","0312","HS_RI_LS_04_0312","littorina_saxatalis","RI",NA,"HS",NA,NA,NA,NA,2019-07-18,NA,FALSE,NA,TRUE,TRUE,TRUE,FALSE,FALSE
"04","T2","0313","CS_RI_LO_04_0313","littorina_obtusata","RI",NA,"CS",NA,NA,NA,NA,2019-07-18,NA,FALSE,NA,TRUE,TRUE,TRUE,FALSE,FALSE
"04","T2","0317","CS_RI_LO_04_0317","littorina_obtusata","RI",NA,"CS",NA,NA,NA,NA,2019-07-18,NA,FALSE,NA,TRUE,TRUE,TRUE,FALSE,FALSE
"04","T1","0323","NT_MA_LL_04_0323","littorina_littorea","MA",NA,"NT",NA,NA,NA,NA,2019-07-18,NA,FALSE,NA,TRUE,TRUE,TRUE,FALSE,FALSE
"04","T1","0326","CS_MA_LL_04_0326","littorina_littorea","MA",NA,"CS",NA,NA,NA,NA,2019-07-18,NA,FALSE,NA,TRUE,TRUE,TRUE,FALSE,FALSE
"04","T3","0331","HS_MA_LS_04_0331","littorina_saxatalis","MA",NA,"HS",NA,NA,NA,NA,2019-07-18,NA,FALSE,NA,TRUE,TRUE,TRUE,FALSE,FALSE
"04","T1","0341","CS_MA_LL_04_0341","littorina_littorea","MA",NA,"CS",NA,NA,NA,NA,2019-07-18,NA,FALSE,NA,TRUE,TRUE,TRUE,FALSE,FALSE
"04","T2","0344","NT_RI_LS_04_0344","littorina_saxatalis","RI",NA,"NT",NA,NA,NA,NA,2019-07-18,NA,FALSE,NA,TRUE,TRUE,TRUE,FALSE,FALSE
"04","T2","0347","CS_RI_LS_04_0347","littorina_saxatalis","RI",NA,"CS",NA,NA,NA,NA,2019-07-18,NA,FALSE,NA,TRUE,TRUE,TRUE,FALSE,FALSE
"04","T3","0355","CS_MA_LO_04_0355","littorina_obtusata","MA",NA,"CS",NA,NA,NA,NA,2019-07-18,NA,FALSE,NA,TRUE,TRUE,TRUE,FALSE,FALSE
"04","T3","0356","CS_MA_LS_04_0356","littorina_saxatalis","MA",NA,"CS",NA,NA,NA,NA,2019-07-18,NA,FALSE,NA,TRUE,TRUE,TRUE,FALSE,FALSE
"04","T3","0357","NT_MA_LL_04_0357","littorina_littorea","MA",NA,"NT",NA,NA,NA,NA,2019-07-18,NA,FALSE,NA,TRUE,TRUE,TRUE,FALSE,FALSE
"04","T1","0374","NT_RI_LL_04_0374","littorina_littorea","RI",NA,"NT",NA,NA,NA,NA,2019-07-18,NA,FALSE,NA,TRUE,TRUE,TRUE,FALSE,FALSE
"04","T3","0380","HS_RI_LO_04_0380","littorina_obtusata","RI",NA,"HS",NA,NA,NA,NA,2019-07-18,NA,FALSE,NA,TRUE,TRUE,TRUE,FALSE,FALSE
"04","T1","0389","CS_MA_LS_04_0389","littorina_saxatalis","MA",NA,"CS",NA,NA,NA,NA,2019-07-18,NA,FALSE,NA,TRUE,TRUE,TRUE,FALSE,FALSE
"04","T2","0399","NT_MA_LS_04_0399","littorina_saxatalis","MA",NA,"NT",NA,NA,NA,NA,2019-07-18,NA,FALSE,NA,TRUE,TRUE,TRUE,FALSE,FALSE
"04","T1","0411","HS_RI_LL_04_0411","littorina_littorea","RI",NA,"HS",NA,NA,NA,NA,2019-07-18,NA,FALSE,NA,TRUE,TRUE,TRUE,FALSE,FALSE
"04","T1","0414","HS_RI_LL_04_0414","littorina_littorea","RI",NA,"HS",NA,NA,NA,NA,2019-07-18,NA,FALSE,NA,TRUE,TRUE,TRUE,FALSE,FALSE
"04","T1","0419","NT_RI_LS_04_0419","littorina_saxatalis","RI",NA,"NT",NA,NA,NA,NA,2019-07-18,NA,FALSE,NA,TRUE,TRUE,TRUE,FALSE,FALSE
"04","T3","0420","HS_RI_LO_04_0420","littorina_obtusata","RI",NA,"HS",NA,NA,NA,NA,2019-07-18,NA,FALSE,NA,TRUE,TRUE,TRUE,FALSE,FALSE
"04","T3","0423","NT_RI_LS_04_0423","littorina_saxatalis","RI",NA,"NT",NA,NA,NA,NA,2019-07-18,NA,FALSE,NA,TRUE,TRUE,TRUE,FALSE,FALSE
"04","T1","0427","NT_MA_LS_04_0427","littorina_saxatalis","MA",NA,"NT",NA,NA,NA,NA,2019-07-18,NA,FALSE,NA,TRUE,TRUE,TRUE,FALSE,FALSE
"04","T2","0430","HS_MA_LL_04_0430","littorina_littorea","MA",NA,"HS",NA,NA,NA,NA,2019-07-18,NA,FALSE,NA,TRUE,TRUE,TRUE,FALSE,FALSE
"04","T1","0431","CS_RI_LO_04_0431","littorina_obtusata","RI",NA,"CS",NA,NA,NA,NA,2019-07-18,NA,FALSE,NA,TRUE,TRUE,TRUE,FALSE,FALSE
"04","T1","0436","CS_RI_LO_04_0436","littorina_obtusata","RI",NA,"CS",NA,NA,NA,NA,2019-07-18,NA,FALSE,NA,TRUE,TRUE,TRUE,FALSE,FALSE
"04","T2","0440","CS_RI_LL_04_0440","littorina_littorea","RI",NA,"CS",NA,NA,NA,NA,2019-07-18,NA,FALSE,NA,TRUE,TRUE,TRUE,FALSE,FALSE
"04","T1","0443","NT_RI_LS_04_0443","littorina_saxatalis","RI",NA,"NT",NA,NA,NA,NA,2019-07-18,NA,FALSE,NA,TRUE,TRUE,TRUE,FALSE,FALSE
"04","T2","0448","HS_MA_LS_04_0448","littorina_saxatalis","MA",NA,"HS",NA,NA,NA,NA,2019-07-18,NA,FALSE,NA,TRUE,TRUE,TRUE,FALSE,FALSE
"04","T1","0450","HS_RI_LS_04_0450","littorina_saxatalis","RI",NA,"HS",NA,NA,NA,NA,2019-07-18,NA,FALSE,NA,TRUE,TRUE,TRUE,FALSE,FALSE
"04","T2","0452","NT_RI_LO_04_0452","littorina_obtusata","RI",NA,"NT",NA,NA,NA,NA,2019-07-18,NA,FALSE,NA,TRUE,TRUE,TRUE,FALSE,FALSE
"04","T2","0462","HS_RI_LS_04_0462","littorina_saxatalis","RI",NA,"HS",NA,NA,NA,NA,2019-07-18,NA,FALSE,NA,TRUE,TRUE,TRUE,FALSE,FALSE
"04","T2","0472","HS_MA_LS_04_0472","littorina_saxatalis","MA",NA,"HS",NA,NA,NA,NA,2019-07-18,NA,FALSE,NA,TRUE,TRUE,TRUE,FALSE,FALSE
"04","T3","0477","NT_MA_LS_04_0477","littorina_saxatalis","MA",NA,"NT",NA,NA,NA,NA,2019-07-18,NA,FALSE,NA,TRUE,TRUE,TRUE,FALSE,FALSE
"04","T3","0482","HS_MA_LO_04_0482","littorina_obtusata","MA",NA,"HS",NA,NA,NA,NA,2019-07-18,NA,FALSE,NA,TRUE,TRUE,TRUE,FALSE,FALSE
"04","T3","0497","HS_RI_LS_04_0497","littorina_saxatalis","RI",NA,"HS",NA,NA,NA,NA,2019-07-18,NA,FALSE,NA,TRUE,TRUE,TRUE,FALSE,FALSE
"04","T3","0499","NT_MA_LO_04_0499","littorina_obtusata","MA",NA,"NT",NA,NA,NA,NA,2019-07-18,NA,FALSE,NA,TRUE,TRUE,TRUE,FALSE,FALSE
"04","T3","0502","HS_MA_LL_04_0502","littorina_littorea","MA",NA,"HS",NA,NA,NA,NA,2019-07-18,NA,FALSE,NA,TRUE,TRUE,TRUE,FALSE,FALSE
"04","T1","0504","CS_RI_LL_04_0504","littorina_littorea","RI",NA,"CS",NA,NA,NA,NA,2019-07-18,NA,FALSE,NA,TRUE,TRUE,TRUE,FALSE,FALSE
"04","T2","0505","NT_MA_LO_04_0505","littorina_obtusata","MA",NA,"NT",NA,NA,NA,NA,2019-07-18,NA,FALSE,NA,TRUE,TRUE,TRUE,FALSE,FALSE
"04","T1","0508","NT_RI_LO_04_0508","littorina_obtusata","RI",NA,"NT",NA,NA,NA,NA,2019-07-18,NA,FALSE,NA,TRUE,TRUE,TRUE,FALSE,FALSE
"04","T1","0516","HS_MA_LO_04_0516","littorina_obtusata","MA",NA,"HS",NA,NA,NA,NA,2019-07-18,NA,FALSE,NA,TRUE,TRUE,TRUE,FALSE,FALSE
"04","T2","0523","CS_RI_LO_04_0523","littorina_obtusata","RI",NA,"CS",NA,NA,NA,NA,2019-07-18,NA,FALSE,NA,TRUE,TRUE,TRUE,FALSE,FALSE
"04","T2","0524","CS_RI_LL_04_0524","littorina_littorea","RI",NA,"CS",NA,NA,NA,NA,2019-07-19,NA,FALSE,NA,TRUE,TRUE,TRUE,FALSE,FALSE
"04","T1","0527","NT_MA_LS_04_0527","littorina_saxatalis","MA",NA,"NT",NA,NA,NA,NA,2019-07-19,NA,FALSE,NA,TRUE,TRUE,TRUE,FALSE,FALSE
"04","T1","0539","HS_MA_LO_04_0539","littorina_obtusata","MA",NA,"HS",NA,NA,NA,NA,2019-07-19,NA,FALSE,NA,TRUE,TRUE,TRUE,FALSE,FALSE
"04","T1","0540","HS_MA_LS_04_0540","littorina_saxatalis","MA",NA,"HS",NA,NA,NA,NA,2019-07-19,NA,FALSE,NA,TRUE,TRUE,TRUE,FALSE,FALSE
"04","T2","0542","NT_MA_LL_04_0542","littorina_littorea","MA",NA,"NT",NA,NA,NA,NA,2019-07-19,NA,FALSE,NA,TRUE,TRUE,TRUE,FALSE,FALSE
"04","T3","0543","HS_MA_LL_04_0543","littorina_littorea","MA",NA,"HS",NA,NA,NA,NA,2019-07-19,NA,FALSE,NA,TRUE,TRUE,TRUE,FALSE,FALSE
"04","T3","0550","NT_RI_LO_04_0550","littorina_obtusata","RI",NA,"NT",NA,NA,NA,NA,2019-07-19,NA,FALSE,NA,TRUE,TRUE,TRUE,FALSE,FALSE
"04","T1","0564","HS_RI_LO_04_0564","littorina_obtusata","RI",NA,"HS",NA,NA,NA,NA,2019-07-19,NA,FALSE,NA,TRUE,TRUE,TRUE,FALSE,FALSE
"04","T2","0568","HS_RI_LO_04_0568","littorina_obtusata","RI",NA,"HS",NA,NA,NA,NA,2019-07-19,NA,FALSE,NA,TRUE,TRUE,TRUE,FALSE,FALSE
"04","T3","0569","HS_MA_LL_04_0569","littorina_littorea","MA",NA,"HS",NA,NA,NA,NA,2019-07-19,NA,FALSE,NA,TRUE,TRUE,TRUE,FALSE,FALSE
"04","T2","0573","CS_MA_LS_04_0573","littorina_saxatalis","MA",NA,"CS",NA,NA,NA,NA,2019-07-19,NA,FALSE,NA,TRUE,TRUE,TRUE,FALSE,FALSE
"04","T2","0576","HS_MA_LO_04_0576","littorina_obtusata","MA",NA,"HS",NA,NA,NA,NA,2019-07-19,NA,FALSE,NA,TRUE,TRUE,TRUE,FALSE,FALSE
"04","T1","0596","HS_RI_LS_04_0596","littorina_saxatalis","RI",NA,"HS",NA,NA,NA,NA,2019-07-19,NA,FALSE,NA,TRUE,TRUE,TRUE,FALSE,FALSE
"04","T1","0607","HS_RI_LO_04_0607","littorina_obtusata","RI",NA,"HS",NA,NA,NA,NA,2019-07-19,NA,FALSE,NA,TRUE,TRUE,TRUE,FALSE,FALSE
"04","T1","0609","NT_MA_LL_04_0609","littorina_littorea","MA",NA,"NT",NA,NA,NA,NA,2019-07-19,NA,FALSE,NA,TRUE,TRUE,TRUE,FALSE,FALSE
"04","T3","0614","CS_RI_LO_04_0614","littorina_obtusata","RI",NA,"CS",NA,NA,NA,NA,2019-07-19,NA,FALSE,NA,TRUE,TRUE,TRUE,FALSE,FALSE
"04","T1","0618","CS_MA_LL_04_0618","littorina_littorea","MA",NA,"CS",NA,NA,NA,NA,2019-07-19,NA,FALSE,NA,TRUE,TRUE,TRUE,FALSE,FALSE
"04","T2","0630","CS_MA_LO_04_0630","littorina_obtusata","MA",NA,"CS",NA,NA,NA,NA,2019-07-19,NA,FALSE,NA,TRUE,TRUE,TRUE,FALSE,FALSE
"04","T3","0634","CS_MA_LO_04_0634","littorina_obtusata","MA",NA,"CS",NA,NA,NA,NA,2019-07-19,NA,FALSE,NA,TRUE,TRUE,TRUE,FALSE,FALSE
"04","T1","0642","CS_MA_LO_04_0642","littorina_obtusata","MA",NA,"CS",NA,NA,NA,NA,2019-07-19,NA,FALSE,NA,TRUE,TRUE,TRUE,FALSE,FALSE
"04","T2","0648","HS_MA_LO_04_0648","littorina_obtusata","MA",NA,"HS",NA,NA,NA,NA,2019-07-19,NA,FALSE,NA,TRUE,TRUE,TRUE,FALSE,FALSE
"04","T2","0658","CS_MA_LS_04_0658","littorina_saxatalis","MA",NA,"CS",NA,NA,NA,NA,2019-07-19,NA,FALSE,NA,TRUE,TRUE,TRUE,FALSE,FALSE
"04","T1","0683","CS_MA_LS_04_0683","littorina_saxatalis","MA",NA,"CS",NA,NA,NA,NA,2019-07-19,NA,FALSE,NA,TRUE,TRUE,TRUE,FALSE,FALSE
"04","T2","0696","CS_MA_LO_04_0696","littorina_obtusata","MA",NA,"CS",NA,NA,NA,NA,2019-07-19,NA,FALSE,NA,TRUE,TRUE,TRUE,FALSE,FALSE
"04","T3","0699","CS_MA_LL_04_0699","littorina_littorea","MA",NA,"CS",NA,NA,NA,NA,2019-07-19,NA,FALSE,NA,TRUE,TRUE,TRUE,FALSE,FALSE
"04","T2","0707","CS_RI_LL_04_0707","littorina_littorea","RI",NA,"CS",NA,NA,NA,NA,2019-07-19,NA,FALSE,NA,TRUE,TRUE,TRUE,FALSE,FALSE
"04","T1","0710","HS_RI_LS_04_0710","littorina_saxatalis","RI",NA,"HS",NA,NA,NA,NA,2019-07-19,NA,FALSE,NA,TRUE,TRUE,TRUE,FALSE,FALSE
"04","T2","0730","CS_MA_LL_04_0730","littorina_littorea","MA",NA,"CS",NA,NA,NA,NA,2019-07-19,NA,FALSE,NA,TRUE,TRUE,TRUE,FALSE,FALSE
"04","T3","0736","HS_RI_LS_04_0736","littorina_saxatalis","RI",NA,"HS",NA,NA,NA,NA,2019-07-19,NA,FALSE,NA,TRUE,TRUE,TRUE,FALSE,FALSE
"04","T2","0751","NT_RI_LL_04_0751","littorina_littorea","RI",NA,"NT",NA,NA,NA,NA,2019-07-19,NA,FALSE,NA,TRUE,TRUE,TRUE,FALSE,FALSE
"04","T3","0752","NT_MA_LL_04_0752","littorina_littorea","MA",NA,"NT",NA,NA,NA,NA,2019-07-19,NA,FALSE,NA,TRUE,TRUE,TRUE,FALSE,FALSE
"04","T1","0761","HS_RI_LL_04_0761","littorina_littorea","RI",NA,"HS",NA,NA,NA,NA,2019-07-19,NA,FALSE,NA,TRUE,TRUE,TRUE,FALSE,FALSE
"04","T1","0762","CS_MA_LO_04_0762","littorina_obtusata","MA",NA,"CS",NA,NA,NA,NA,2019-07-19,NA,FALSE,NA,TRUE,TRUE,TRUE,FALSE,FALSE
"04","T2","0765","NT_RI_LL_04_0765","littorina_littorea","RI",NA,"NT",NA,NA,NA,NA,2019-07-19,NA,FALSE,NA,TRUE,TRUE,TRUE,FALSE,FALSE
"04","T3","0767","CS_MA_LS_04_0767","littorina_saxatalis","MA",NA,"CS",NA,NA,NA,NA,2019-07-19,NA,FALSE,NA,TRUE,TRUE,TRUE,FALSE,FALSE
"04","T1","0779","HS_MA_LO_04_0779","littorina_obtusata","MA",NA,"HS",NA,NA,NA,NA,2019-07-19,NA,FALSE,NA,TRUE,TRUE,TRUE,FALSE,FALSE
"04","T2","0782","HS_RI_LS_04_0782","littorina_saxatalis","RI",NA,"HS",NA,NA,NA,NA,2019-07-19,NA,FALSE,NA,TRUE,TRUE,TRUE,FALSE,FALSE
"04","T3","0802","NT_RI_LL_04_0802","littorina_littorea","RI",NA,"NT",NA,NA,NA,NA,2019-07-19,NA,FALSE,NA,TRUE,TRUE,TRUE,FALSE,FALSE
"04","T2","0810","NT_MA_LS_04_0810","littorina_saxatalis","MA",NA,"NT",NA,NA,NA,NA,2019-07-19,NA,FALSE,NA,TRUE,TRUE,TRUE,FALSE,FALSE
"04","T2","0815","CS_RI_LO_04_0815","littorina_obtusata","RI",NA,"CS",NA,NA,NA,NA,2019-07-19,NA,FALSE,NA,TRUE,TRUE,TRUE,FALSE,FALSE
"04","T1","0820","CS_RI_LO_04_0820","littorina_obtusata","RI",NA,"CS",NA,NA,NA,NA,2019-07-19,NA,FALSE,NA,TRUE,TRUE,TRUE,FALSE,FALSE
"04","T3","0826","NT_RI_LO_04_0826","littorina_obtusata","RI",NA,"NT",NA,NA,NA,NA,2019-07-19,NA,FALSE,NA,TRUE,TRUE,TRUE,FALSE,FALSE
"04","T3","0827","NT_RI_LL_04_0827","littorina_littorea","RI",NA,"NT",NA,NA,NA,NA,2019-07-19,NA,FALSE,NA,TRUE,TRUE,TRUE,FALSE,FALSE
"04","T3","0839","CS_RI_LS_04_0839","littorina_saxatalis","RI",NA,"CS",NA,NA,NA,NA,2019-07-19,NA,FALSE,NA,TRUE,TRUE,TRUE,FALSE,FALSE
"04","T1","0851","CS_MA_LO_04_0851","littorina_obtusata","MA",NA,"CS",NA,NA,NA,NA,2019-07-19,NA,FALSE,NA,TRUE,TRUE,TRUE,FALSE,FALSE
"04","T3","0857","CS_MA_LO_04_0857","littorina_obtusata","MA",NA,"CS",NA,NA,NA,NA,2019-07-22,NA,FALSE,NA,TRUE,TRUE,TRUE,FALSE,FALSE
"04","T3","0861","CS_RI_LL_04_0861","littorina_littorea","RI",NA,"CS",NA,NA,NA,NA,2019-07-22,NA,FALSE,NA,TRUE,TRUE,TRUE,FALSE,FALSE
"04","T1","0862","NT_RI_LO_04_0862","littorina_obtusata","RI",NA,"NT",NA,NA,NA,NA,2019-07-22,NA,FALSE,NA,TRUE,TRUE,TRUE,FALSE,FALSE
"04","T3","0872","NT_RI_LL_04_0872","littorina_littorea","RI",NA,"NT",NA,NA,NA,NA,2019-07-22,NA,FALSE,NA,TRUE,TRUE,TRUE,FALSE,FALSE
"04","T1","0875","NT_MA_LO_04_0875","littorina_obtusata","MA",NA,"NT",NA,NA,NA,NA,2019-07-22,NA,FALSE,NA,TRUE,TRUE,TRUE,FALSE,FALSE
"04","T2","0882","NT_RI_LS_04_0882","littorina_saxatalis","RI",NA,"NT",NA,NA,NA,NA,2019-07-22,NA,FALSE,NA,TRUE,TRUE,TRUE,FALSE,FALSE
"04","T1","0885","CS_MA_LS_04_0885","littorina_saxatalis","MA",NA,"CS",NA,NA,NA,NA,2019-07-22,NA,FALSE,NA,TRUE,TRUE,TRUE,FALSE,FALSE
"04","T3","0887","NT_MA_LO_04_0887","littorina_obtusata","MA",NA,"NT",NA,NA,NA,NA,2019-07-22,NA,FALSE,NA,TRUE,TRUE,TRUE,FALSE,FALSE
"04","T3","0899","CS_RI_LO_04_0899","littorina_obtusata","RI",NA,"CS",NA,NA,NA,NA,2019-07-22,NA,FALSE,NA,TRUE,TRUE,TRUE,FALSE,FALSE
"04","T1","0901","HS_RI_LO_04_0901","littorina_obtusata","RI",NA,"HS",NA,NA,NA,NA,2019-07-22,NA,FALSE,NA,TRUE,TRUE,TRUE,FALSE,FALSE
"04","T2","0907","HS_RI_LS_04_0907","littorina_saxatalis","RI",NA,"HS",NA,NA,NA,NA,2019-07-22,NA,FALSE,NA,TRUE,TRUE,TRUE,FALSE,FALSE
"04","T3","0923","HS_MA_LL_04_0923","littorina_littorea","MA",NA,"HS",NA,NA,NA,NA,2019-07-22,NA,FALSE,NA,TRUE,TRUE,TRUE,FALSE,FALSE
"04","T3","0927","NT_RI_LL_04_0927","littorina_littorea","RI",NA,"NT",NA,NA,NA,NA,2019-07-22,NA,FALSE,NA,TRUE,TRUE,TRUE,FALSE,FALSE
"04","T1","0930","HS_MA_LS_04_0930","littorina_saxatalis","MA",NA,"HS",NA,NA,NA,NA,2019-07-22,NA,FALSE,NA,TRUE,TRUE,TRUE,FALSE,FALSE
"04","T2","0933","NT_MA_LL_04_0933","littorina_littorea","MA",NA,"NT",NA,NA,NA,NA,2019-07-22,NA,FALSE,NA,TRUE,TRUE,TRUE,FALSE,FALSE
"04","T2","0939","HS_MA_LO_04_0939","littorina_obtusata","MA",NA,"HS",NA,NA,NA,NA,2019-07-22,NA,FALSE,NA,TRUE,TRUE,TRUE,FALSE,FALSE
"04","T2","0940","HS_RI_LL_04_0940","littorina_littorea","RI",NA,"HS",NA,NA,NA,NA,2019-07-22,NA,FALSE,NA,TRUE,TRUE,TRUE,FALSE,FALSE
"04","T3","0944","CS_RI_LL_04_0944","littorina_littorea","RI",NA,"CS",NA,NA,NA,NA,2019-07-22,NA,FALSE,NA,TRUE,TRUE,TRUE,FALSE,FALSE
"04","T1","0952","NT_MA_LS_04_0952","littorina_saxatalis","MA",NA,"NT",NA,NA,NA,NA,2019-07-22,NA,FALSE,NA,TRUE,TRUE,TRUE,FALSE,FALSE
"04","T1","0953","CS_RI_LS_04_0953","littorina_saxatalis","RI",NA,"CS",NA,NA,NA,NA,2019-07-22,NA,FALSE,NA,TRUE,TRUE,TRUE,FALSE,FALSE
"04","T2","0959","HS_RI_LO_04_0959","littorina_obtusata","RI",NA,"HS",NA,NA,NA,NA,2019-07-22,NA,FALSE,NA,TRUE,TRUE,TRUE,FALSE,FALSE
"04","T2","0961","CS_RI_LL_04_0961","littorina_littorea","RI",NA,"CS",NA,NA,NA,NA,2019-07-22,NA,FALSE,NA,TRUE,TRUE,TRUE,FALSE,FALSE
"04","T3","0971","CS_MA_LS_04_0971","littorina_saxatalis","MA",NA,"CS",NA,NA,NA,NA,2019-07-22,NA,FALSE,NA,TRUE,TRUE,TRUE,FALSE,FALSE
"04","T3","0978","HS_RI_LL_04_0978","littorina_littorea","RI",NA,"HS",NA,NA,NA,NA,2019-07-22,NA,FALSE,NA,TRUE,TRUE,TRUE,FALSE,FALSE
"04","T1","0983","NT_RI_LO_04_0983","littorina_obtusata","RI",NA,"NT",NA,NA,NA,NA,2019-07-22,NA,FALSE,NA,TRUE,TRUE,TRUE,FALSE,FALSE
"04","T1","0986","CS_RI_LS_04_0986","littorina_saxatalis","RI",NA,"CS",NA,NA,NA,NA,2019-07-22,NA,FALSE,NA,TRUE,TRUE,TRUE,FALSE,FALSE
"04","T3","0990","NT_MA_LS_04_0990","littorina_saxatalis","MA",NA,"NT",NA,NA,NA,NA,2019-07-22,NA,FALSE,NA,TRUE,TRUE,TRUE,FALSE,FALSE
"04","T2","0997","HS_RI_LL_04_0997","littorina_littorea","RI",NA,"HS",NA,NA,NA,NA,2019-07-22,NA,FALSE,NA,TRUE,TRUE,TRUE,FALSE,FALSE
"04","T1","1000","CS_RI_LS_04_1000","littorina_saxatalis","RI",NA,"CS",NA,NA,NA,NA,2019-07-22,NA,FALSE,NA,TRUE,TRUE,TRUE,FALSE,FALSE
"04","T2","1002","NT_MA_LO_04_1002","littorina_obtusata","MA",NA,"NT",NA,NA,NA,NA,2019-07-22,NA,FALSE,NA,TRUE,TRUE,TRUE,FALSE,FALSE
"04","T3","1003","HS_MA_LS_04_1003","littorina_saxatalis","MA",NA,"HS",NA,NA,NA,NA,2019-07-22,NA,FALSE,NA,TRUE,TRUE,TRUE,FALSE,FALSE
"04","T2","1008","NT_MA_LL_04_1008","littorina_littorea","MA",NA,"NT",NA,NA,NA,NA,2019-07-22,NA,FALSE,NA,TRUE,TRUE,TRUE,FALSE,FALSE
"04","T2","1009","NT_RI_LS_04_1009","littorina_saxatalis","RI",NA,"NT",NA,NA,NA,NA,2019-07-22,NA,FALSE,NA,TRUE,TRUE,TRUE,FALSE,FALSE
"04","T2","1014","CS_RI_LS_04_1014","littorina_saxatalis","RI",NA,"CS",NA,NA,NA,NA,2019-07-22,NA,FALSE,NA,TRUE,TRUE,TRUE,FALSE,FALSE
"04","T1","1020","HS_MA_LO_04_1020","littorina_obtusata","MA",NA,"HS",NA,NA,NA,NA,2019-07-22,NA,FALSE,NA,TRUE,TRUE,TRUE,FALSE,FALSE
"04","T2","1029","HS_MA_LS_04_1029","littorina_saxatalis","MA",NA,"HS",NA,NA,NA,NA,2019-07-22,NA,FALSE,NA,TRUE,TRUE,TRUE,FALSE,FALSE
"04","T3","1031","NT_MA_LO_04_1031","littorina_obtusata","MA",NA,"NT",NA,NA,NA,NA,2019-07-22,NA,FALSE,NA,TRUE,TRUE,TRUE,FALSE,FALSE
"04","T3","1040","NT_RI_LS_04_1040","littorina_saxatalis","RI",NA,"NT",NA,NA,NA,NA,2019-07-22,NA,FALSE,NA,TRUE,TRUE,TRUE,FALSE,FALSE
"04","T2","1046","HS_RI_LS_04_1046","littorina_saxatalis","RI",NA,"HS",NA,NA,NA,NA,2019-07-22,NA,FALSE,NA,TRUE,TRUE,TRUE,FALSE,FALSE
"04","T3","1051","NT_RI_LO_04_1051","littorina_obtusata","RI",NA,"NT",NA,NA,NA,NA,2019-07-22,NA,FALSE,NA,TRUE,TRUE,TRUE,FALSE,FALSE
"04","T1","1053","CS_MA_LL_04_1053","littorina_littorea","MA",NA,"CS",NA,NA,NA,NA,2019-07-22,NA,FALSE,NA,TRUE,TRUE,TRUE,FALSE,FALSE
"04","T2","1057","CS_RI_LS_04_1057","littorina_saxatalis","RI",NA,"CS",NA,NA,NA,NA,2019-07-22,NA,FALSE,NA,TRUE,TRUE,TRUE,FALSE,FALSE
"04","T1","1066","NT_RI_LL_04_1066","littorina_littorea","RI",NA,"NT",NA,NA,NA,NA,2019-07-22,NA,FALSE,NA,TRUE,TRUE,TRUE,FALSE,FALSE
"04","T1","1071","HS_MA_LS_04_1071","littorina_saxatalis","MA",NA,"HS",NA,NA,NA,NA,2019-07-22,NA,FALSE,NA,TRUE,TRUE,TRUE,FALSE,FALSE
"04","T3","1077","NT_MA_LL_04_1077","littorina_littorea","MA",NA,"NT",NA,NA,NA,NA,2019-07-22,NA,FALSE,NA,TRUE,TRUE,TRUE,FALSE,FALSE
"05","T3","0005","NT_MA_LL_05_0005","littorina_littorea","MA",NA,"NT",NA,NA,NA,NA,2019-07-23,NA,FALSE,NA,TRUE,TRUE,TRUE,FALSE,FALSE
"05","T3","0013","NT_RI_LL_05_0013","littorina_littorea","RI",NA,"NT",NA,NA,NA,NA,2019-07-23,NA,FALSE,NA,TRUE,TRUE,TRUE,FALSE,FALSE
"05","T1","0027","CS_MA_LL_05_0027","littorina_littorea","MA",NA,"CS",NA,NA,NA,NA,2019-07-23,NA,FALSE,NA,TRUE,TRUE,TRUE,FALSE,FALSE
"05","T1","0038","CS_MA_LS_05_0038","littorina_saxatalis","MA",NA,"CS",NA,NA,NA,NA,2019-07-23,NA,FALSE,NA,TRUE,TRUE,TRUE,FALSE,FALSE
"05","T2","0041","CS_RI_LL_05_0041","littorina_littorea","RI",NA,"CS",NA,NA,NA,NA,2019-07-23,NA,FALSE,NA,TRUE,TRUE,TRUE,FALSE,FALSE
"05","T1","0049","NT_MA_LS_05_0049","littorina_saxatalis","MA",NA,"NT",NA,NA,NA,NA,2019-07-23,NA,FALSE,NA,TRUE,TRUE,TRUE,FALSE,FALSE
"05","T2","0056","CS_MA_LS_05_0056","littorina_saxatalis","MA",NA,"CS",NA,NA,NA,NA,2019-07-23,NA,FALSE,NA,TRUE,TRUE,TRUE,FALSE,FALSE
"05","T2","0067","NT_MA_LL_05_0067","littorina_littorea","MA",NA,"NT",NA,NA,NA,NA,2019-07-23,NA,FALSE,NA,TRUE,TRUE,TRUE,FALSE,FALSE
"05","T3","0071","HS_RI_LL_05_0071","littorina_littorea","RI",NA,"HS",NA,NA,NA,NA,2019-07-23,NA,FALSE,NA,TRUE,TRUE,TRUE,FALSE,FALSE
"05","T1","0077","HS_RI_LL_05_0077","littorina_littorea","RI",NA,"HS",NA,NA,NA,NA,2019-07-23,NA,FALSE,NA,TRUE,TRUE,TRUE,FALSE,FALSE
"05","T2","0088","CS_RI_LL_05_0088","littorina_littorea","RI",NA,"CS",NA,NA,NA,NA,2019-07-23,NA,FALSE,NA,TRUE,TRUE,TRUE,FALSE,FALSE
"05","T3","0091","HS_MA_LO_05_0091","littorina_obtusata","MA",NA,"HS",NA,NA,NA,NA,2019-07-23,NA,FALSE,NA,TRUE,TRUE,TRUE,FALSE,FALSE
"05","T1","0097","NT_RI_LL_05_0097","littorina_littorea","RI",NA,"NT",NA,NA,NA,NA,2019-07-23,NA,FALSE,NA,TRUE,TRUE,TRUE,FALSE,FALSE
"05","T1","0102","CS_RI_LS_05_0102","littorina_saxatalis","RI",NA,"CS",NA,NA,NA,NA,2019-07-23,NA,FALSE,NA,TRUE,TRUE,TRUE,FALSE,FALSE
"05","T1","0124","CS_RI_LL_05_0124","littorina_littorea","RI",NA,"CS",NA,NA,NA,NA,2019-07-23,NA,FALSE,NA,TRUE,TRUE,TRUE,FALSE,FALSE
"05","T3","0131","CS_RI_LO_05_0131","littorina_obtusata","RI",NA,"CS",NA,NA,NA,NA,2019-07-23,NA,FALSE,NA,TRUE,TRUE,TRUE,FALSE,FALSE
"05","T1","0135","NT_RI_LL_05_0135","littorina_littorea","RI",NA,"NT",NA,NA,NA,NA,2019-07-23,NA,FALSE,NA,TRUE,TRUE,TRUE,FALSE,FALSE
"05","T1","0150","HS_RI_LO_05_0150","littorina_obtusata","RI",NA,"HS",NA,NA,NA,NA,2019-07-23,NA,FALSE,NA,TRUE,TRUE,TRUE,FALSE,FALSE
"05","T2","0154","NT_RI_LS_05_0154","littorina_saxatalis","RI",NA,"NT",NA,NA,NA,NA,2019-07-23,NA,FALSE,NA,TRUE,TRUE,TRUE,FALSE,FALSE
"05","T1","0168","HS_RI_LL_05_0168","littorina_littorea","RI",NA,"HS",NA,NA,NA,NA,2019-07-23,NA,FALSE,NA,TRUE,TRUE,TRUE,FALSE,FALSE
"05","T1","0170","HS_MA_LL_05_0170","littorina_littorea","MA",NA,"HS",NA,NA,NA,NA,2019-07-23,NA,FALSE,NA,TRUE,TRUE,TRUE,FALSE,FALSE
"05","T3","0172","CS_MA_LL_05_0172","littorina_littorea","MA",NA,"CS",NA,NA,NA,NA,2019-07-23,NA,FALSE,NA,TRUE,TRUE,TRUE,FALSE,FALSE
"05","T3","0173","CS_RI_LS_05_0173","littorina_saxatalis","RI",NA,"CS",NA,NA,NA,NA,2019-07-23,NA,FALSE,NA,TRUE,TRUE,TRUE,FALSE,FALSE
"05","T2","0177","HS_RI_LL_05_0177","littorina_littorea","RI",NA,"HS",NA,NA,NA,NA,2019-07-23,NA,FALSE,NA,TRUE,TRUE,TRUE,FALSE,FALSE
"05","T2","0185","HS_RI_LO_05_0185","littorina_obtusata","RI",NA,"HS",NA,NA,NA,NA,2019-07-23,NA,FALSE,NA,TRUE,TRUE,TRUE,FALSE,FALSE
"05","T1","0186","HS_RI_LO_05_0186","littorina_obtusata","RI",NA,"HS",NA,NA,NA,NA,2019-07-23,NA,FALSE,NA,TRUE,TRUE,TRUE,FALSE,FALSE
"05","T3","0213","CS_MA_LS_05_0213","littorina_saxatalis","MA",NA,"CS",NA,NA,NA,NA,2019-07-23,NA,FALSE,NA,TRUE,TRUE,TRUE,FALSE,FALSE
"05","T2","0216","CS_MA_LO_05_0216","littorina_obtusata","MA",NA,"CS",NA,NA,NA,NA,2019-07-23,NA,FALSE,NA,TRUE,TRUE,TRUE,FALSE,FALSE
"05","T1","0229","NT_RI_LS_05_0229","littorina_saxatalis","RI",NA,"NT",NA,NA,NA,NA,2019-07-23,NA,FALSE,NA,TRUE,TRUE,TRUE,FALSE,FALSE
"05","T3","0232","HS_RI_LO_05_0232","littorina_obtusata","RI",NA,"HS",NA,NA,NA,NA,2019-07-23,NA,FALSE,NA,TRUE,TRUE,TRUE,FALSE,FALSE
"05","T3","0246","NT_RI_LS_05_0246","littorina_saxatalis","RI",NA,"NT",NA,NA,NA,NA,2019-07-23,NA,FALSE,NA,TRUE,TRUE,TRUE,FALSE,FALSE
"05","T2","0255","HS_MA_LL_05_0255","littorina_littorea","MA",NA,"HS",NA,NA,NA,NA,2019-07-23,NA,FALSE,NA,TRUE,TRUE,TRUE,FALSE,FALSE
"05","T2","0262","NT_MA_LS_05_0262","littorina_saxatalis","MA",NA,"NT",NA,NA,NA,NA,2019-07-23,NA,FALSE,NA,TRUE,TRUE,TRUE,FALSE,FALSE
"05","T2","0281","NT_RI_LS_05_0281","littorina_saxatalis","RI",NA,"NT",NA,NA,NA,NA,2019-07-23,NA,FALSE,NA,TRUE,TRUE,TRUE,FALSE,FALSE
"05","T2","0282","HS_RI_LL_05_0282","littorina_littorea","RI",NA,"HS",NA,NA,NA,NA,2019-07-23,NA,FALSE,NA,TRUE,TRUE,TRUE,FALSE,FALSE
"05","T2","0283","HS_MA_LL_05_0283","littorina_littorea","MA",NA,"HS",NA,NA,NA,NA,2019-07-23,NA,FALSE,NA,TRUE,TRUE,TRUE,FALSE,FALSE
"05","T2","0288","CS_MA_LL_05_0288","littorina_littorea","MA",NA,"CS",NA,NA,NA,NA,2019-07-23,NA,FALSE,NA,TRUE,TRUE,TRUE,FALSE,FALSE
"05","T3","0292","CS_RI_LS_05_0292","littorina_saxatalis","RI",NA,"CS",NA,NA,NA,NA,2019-07-23,NA,FALSE,NA,TRUE,TRUE,TRUE,FALSE,FALSE
"05","T1","0294","CS_MA_LO_05_0294","littorina_obtusata","MA",NA,"CS",NA,NA,NA,NA,2019-07-23,NA,FALSE,NA,TRUE,TRUE,TRUE,FALSE,FALSE
"05","T1","0301","HS_RI_LO_05_0301","littorina_obtusata","RI",NA,"HS",NA,NA,NA,NA,2019-07-23,NA,FALSE,NA,TRUE,TRUE,TRUE,FALSE,FALSE
"05","T2","0305","NT_MA_LS_05_0305","littorina_saxatalis","MA",NA,"NT",NA,NA,NA,NA,2019-07-23,NA,FALSE,NA,TRUE,TRUE,TRUE,FALSE,FALSE
"05","T2","0308","CS_RI_LS_05_0308","littorina_saxatalis","RI",NA,"CS",NA,NA,NA,NA,2019-07-23,NA,FALSE,NA,TRUE,TRUE,TRUE,FALSE,FALSE
"05","T1","0318","CS_MA_LO_05_0318","littorina_obtusata","MA",NA,"CS",NA,NA,NA,NA,2019-07-23,NA,FALSE,NA,TRUE,TRUE,TRUE,FALSE,FALSE
"05","T2","0319","HS_MA_LS_05_0319","littorina_saxatalis","MA",NA,"HS",NA,NA,NA,NA,2019-07-23,NA,FALSE,NA,TRUE,TRUE,TRUE,FALSE,FALSE
"05","T1","0330","HS_RI_LL_05_0330","littorina_littorea","RI",NA,"HS",NA,NA,NA,NA,2019-07-23,NA,FALSE,NA,TRUE,TRUE,TRUE,FALSE,FALSE
"05","T1","0334","NT_MA_LO_05_0334","littorina_obtusata","MA",NA,"NT",NA,NA,NA,NA,2019-07-24,NA,FALSE,NA,TRUE,TRUE,TRUE,FALSE,FALSE
"05","T2","0337","NT_RI_LL_05_0337","littorina_littorea","RI",NA,"NT",NA,NA,NA,NA,2019-07-24,NA,FALSE,NA,TRUE,TRUE,TRUE,FALSE,FALSE
"05","T2","0340","CS_MA_LS_05_0340","littorina_saxatalis","MA",NA,"CS",NA,NA,NA,NA,2019-07-24,NA,FALSE,NA,TRUE,TRUE,TRUE,FALSE,FALSE
"05","T1","0346","NT_RI_LO_05_0346","littorina_obtusata","RI",NA,"NT",NA,NA,NA,NA,2019-07-24,NA,FALSE,NA,TRUE,TRUE,TRUE,FALSE,FALSE
"05","T3","0353","NT_RI_LO_05_0353","littorina_obtusata","RI",NA,"NT",NA,NA,NA,NA,2019-07-24,NA,FALSE,NA,TRUE,TRUE,TRUE,FALSE,FALSE
"05","T2","0358","CS_RI_LS_05_0358","littorina_saxatalis","RI",NA,"CS",NA,NA,NA,NA,2019-07-24,NA,FALSE,NA,TRUE,TRUE,TRUE,FALSE,FALSE
"05","T3","0360","NT_RI_LL_05_0360","littorina_littorea","RI",NA,"NT",NA,NA,NA,NA,2019-07-24,NA,FALSE,NA,TRUE,TRUE,TRUE,FALSE,FALSE
"05","T2","0373","CS_RI_LS_05_0373","littorina_saxatalis","RI",NA,"CS",NA,NA,NA,NA,2019-07-24,NA,FALSE,NA,TRUE,TRUE,TRUE,FALSE,FALSE
"05","T1","0375","NT_RI_LL_05_0375","littorina_littorea","RI",NA,"NT",NA,NA,NA,NA,2019-07-24,NA,FALSE,NA,TRUE,TRUE,TRUE,FALSE,FALSE
"05","T1","0378","HS_MA_LS_05_0378","littorina_saxatalis","MA",NA,"HS",NA,NA,NA,NA,2019-07-24,NA,FALSE,NA,TRUE,TRUE,TRUE,FALSE,FALSE
"05","T1","0384","CS_MA_LO_05_0384","littorina_obtusata","MA",NA,"CS",NA,NA,NA,NA,2019-07-24,NA,FALSE,NA,TRUE,TRUE,TRUE,FALSE,FALSE
"05","T3","0388","NT_RI_LS_05_0388","littorina_saxatalis","RI",NA,"NT",NA,NA,NA,NA,2019-07-24,NA,FALSE,NA,TRUE,TRUE,TRUE,FALSE,FALSE
"05","T3","0393","NT_RI_LO_05_0393","littorina_obtusata","RI",NA,"NT",NA,NA,NA,NA,2019-07-24,NA,FALSE,NA,TRUE,TRUE,TRUE,FALSE,FALSE
"05","T1","0395","NT_MA_LO_05_0395","littorina_obtusata","MA",NA,"NT",NA,NA,NA,NA,2019-07-24,NA,FALSE,NA,TRUE,TRUE,TRUE,FALSE,FALSE
"05","T2","0425","CS_RI_LL_05_0425","littorina_littorea","RI",NA,"CS",NA,NA,NA,NA,2019-07-24,NA,FALSE,NA,TRUE,TRUE,TRUE,FALSE,FALSE
"05","T3","0437","CS_RI_LL_05_0437","littorina_littorea","RI",NA,"CS",NA,NA,NA,NA,2019-07-24,NA,FALSE,NA,TRUE,TRUE,TRUE,FALSE,FALSE
"05","T1","0441","NT_MA_LO_05_0441","littorina_obtusata","MA",NA,"NT",NA,NA,NA,NA,2019-07-24,NA,FALSE,NA,TRUE,TRUE,TRUE,FALSE,FALSE
"05","T3","0444","CS_RI_LS_05_0444","littorina_saxatalis","RI",NA,"CS",NA,NA,NA,NA,2019-07-24,NA,FALSE,NA,TRUE,TRUE,TRUE,FALSE,FALSE
"05","T3","0449","NT_MA_LO_05_0449","littorina_obtusata","MA",NA,"NT",NA,NA,NA,NA,2019-07-24,NA,FALSE,NA,TRUE,TRUE,TRUE,FALSE,FALSE
"05","T1","0454","HS_MA_LL_05_0454","littorina_littorea","MA",NA,"HS",NA,NA,NA,NA,2019-07-24,NA,FALSE,NA,TRUE,TRUE,TRUE,FALSE,FALSE
"05","T1","0459","CS_MA_LO_05_0459","littorina_obtusata","MA",NA,"CS",NA,NA,NA,NA,2019-07-24,NA,FALSE,NA,TRUE,TRUE,TRUE,FALSE,FALSE
"05","T1","0460","CS_RI_LS_05_0460","littorina_saxatalis","RI",NA,"CS",NA,NA,NA,NA,2019-07-24,NA,FALSE,NA,TRUE,TRUE,TRUE,FALSE,FALSE
"05","T1","0466","CS_MA_LL_05_0466","littorina_littorea","MA",NA,"CS",NA,NA,NA,NA,2019-07-24,NA,FALSE,NA,TRUE,TRUE,TRUE,FALSE,FALSE
"05","T1","0483","CS_RI_LO_05_0483","littorina_obtusata","RI",NA,"CS",NA,NA,NA,NA,2019-07-24,NA,FALSE,NA,TRUE,TRUE,TRUE,FALSE,FALSE
"05","T3","0487","NT_MA_LS_05_0487","littorina_saxatalis","MA",NA,"NT",NA,NA,NA,NA,2019-07-24,NA,FALSE,NA,TRUE,TRUE,TRUE,FALSE,FALSE
"05","T2","0491","HS_RI_LS_05_0491","littorina_saxatalis","RI",NA,"HS",NA,NA,NA,NA,2019-07-24,NA,FALSE,NA,TRUE,TRUE,TRUE,FALSE,FALSE
"05","T1","0492","HS_MA_LL_05_0492","littorina_littorea","MA",NA,"HS",NA,NA,NA,NA,2019-07-24,NA,FALSE,NA,TRUE,TRUE,TRUE,FALSE,FALSE
"05","T1","0496","CS_RI_LL_05_0496","littorina_littorea","RI",NA,"CS",NA,NA,NA,NA,2019-07-24,NA,FALSE,NA,TRUE,TRUE,TRUE,FALSE,FALSE
"05","T3","0517","CS_MA_LO_05_0517","littorina_obtusata","MA",NA,"CS",NA,NA,NA,NA,2019-07-24,NA,FALSE,NA,TRUE,TRUE,TRUE,FALSE,FALSE
"05","T3","0518","CS_RI_LO_05_0518","littorina_obtusata","RI",NA,"CS",NA,NA,NA,NA,2019-07-24,NA,FALSE,NA,TRUE,TRUE,TRUE,FALSE,FALSE
"05","T3","0531","NT_RI_LS_05_0531","littorina_saxatalis","RI",NA,"NT",NA,NA,NA,NA,2019-07-24,NA,FALSE,NA,TRUE,TRUE,TRUE,FALSE,FALSE
"05","T2","0536","HS_RI_LS_05_0536","littorina_saxatalis","RI",NA,"HS",NA,NA,NA,NA,2019-07-24,NA,FALSE,NA,TRUE,TRUE,TRUE,FALSE,FALSE
"05","T3","0541","HS_MA_LL_05_0541","littorina_littorea","MA",NA,"HS",NA,NA,NA,NA,2019-07-24,NA,FALSE,NA,TRUE,TRUE,TRUE,FALSE,FALSE
"05","T3","0544","HS_RI_LO_05_0544","littorina_obtusata","RI",NA,"HS",NA,NA,NA,NA,2019-07-24,NA,FALSE,NA,TRUE,TRUE,TRUE,FALSE,FALSE
"05","T1","0549","HS_RI_LO_05_0549","littorina_obtusata","RI",NA,"HS",NA,NA,NA,NA,2019-07-24,NA,FALSE,NA,TRUE,TRUE,TRUE,FALSE,FALSE
"05","T1","0554","CS_RI_LO_05_0554","littorina_obtusata","RI",NA,"CS",NA,NA,NA,NA,2019-07-24,NA,FALSE,NA,TRUE,TRUE,TRUE,FALSE,FALSE
"05","T1","0555","HS_RI_LS_05_0555","littorina_saxatalis","RI",NA,"HS",NA,NA,NA,NA,2019-07-24,NA,FALSE,NA,TRUE,TRUE,TRUE,FALSE,FALSE
"05","T3","0563","HS_MA_LO_05_0563","littorina_obtusata","MA",NA,"HS",NA,NA,NA,NA,2019-07-24,NA,FALSE,NA,TRUE,TRUE,TRUE,FALSE,FALSE
"05","T3","0570","CS_RI_LO_05_0570","littorina_obtusata","RI",NA,"CS",NA,NA,NA,NA,2019-07-24,NA,FALSE,NA,TRUE,TRUE,TRUE,FALSE,FALSE
"05","T1","0575","NT_RI_LO_05_0575","littorina_obtusata","RI",NA,"NT",NA,NA,NA,NA,2019-07-24,NA,FALSE,NA,TRUE,TRUE,TRUE,FALSE,FALSE
"05","T3","0579","HS_MA_LO_05_0579","littorina_obtusata","MA",NA,"HS",NA,NA,NA,NA,2019-07-24,NA,FALSE,NA,TRUE,TRUE,TRUE,FALSE,FALSE
"05","T1","0580","HS_RI_LL_05_0580","littorina_littorea","RI",NA,"HS",NA,NA,NA,NA,2019-07-24,NA,FALSE,NA,TRUE,TRUE,TRUE,FALSE,FALSE
"05","T2","0582","NT_RI_LO_05_0582","littorina_obtusata","RI",NA,"NT",NA,NA,NA,NA,2019-07-24,NA,FALSE,NA,TRUE,TRUE,TRUE,FALSE,FALSE
"05","T2","0584","HS_RI_LL_05_0584","littorina_littorea","RI",NA,"HS",NA,NA,NA,NA,2019-07-24,NA,FALSE,NA,TRUE,TRUE,TRUE,FALSE,FALSE
"05","T3","0585","NT_RI_LL_05_0585","littorina_littorea","RI",NA,"NT",NA,NA,NA,NA,2019-07-24,NA,FALSE,NA,TRUE,TRUE,TRUE,FALSE,FALSE
"05","T3","0589","NT_RI_LO_05_0589","littorina_obtusata","RI",NA,"NT",NA,NA,NA,NA,2019-07-25,NA,FALSE,NA,TRUE,TRUE,TRUE,FALSE,FALSE
"05","T3","0592","NT_MA_LS_05_0592","littorina_saxatalis","MA",NA,"NT",NA,NA,NA,NA,2019-07-25,NA,FALSE,NA,TRUE,TRUE,TRUE,FALSE,FALSE
"05","T3","0593","HS_MA_LS_05_0593","littorina_saxatalis","MA",NA,"HS",NA,NA,NA,NA,2019-07-25,NA,FALSE,NA,TRUE,TRUE,TRUE,FALSE,FALSE
"05","T3","0602","CS_RI_LO_05_0602","littorina_obtusata","RI",NA,"CS",NA,NA,NA,NA,2019-07-25,NA,FALSE,NA,TRUE,TRUE,TRUE,FALSE,FALSE
"05","T3","0612","NT_MA_LS_05_0612","littorina_saxatalis","MA",NA,"NT",NA,NA,NA,NA,2019-07-25,NA,FALSE,NA,TRUE,TRUE,TRUE,FALSE,FALSE
"05","T3","0615","NT_RI_LS_05_0615","littorina_saxatalis","RI",NA,"NT",NA,NA,NA,NA,2019-07-25,NA,FALSE,NA,TRUE,TRUE,TRUE,FALSE,FALSE
"05","T2","0617","HS_MA_LO_05_0617","littorina_obtusata","MA",NA,"HS",NA,NA,NA,NA,2019-07-25,NA,FALSE,NA,TRUE,TRUE,TRUE,FALSE,FALSE
"05","T3","0631","HS_MA_LS_05_0631","littorina_saxatalis","MA",NA,"HS",NA,NA,NA,NA,2019-07-25,NA,FALSE,NA,TRUE,TRUE,TRUE,FALSE,FALSE
"05","T1","0633","NT_RI_LL_05_0633","littorina_littorea","RI",NA,"NT",NA,NA,NA,NA,2019-07-25,NA,FALSE,NA,TRUE,TRUE,TRUE,FALSE,FALSE
"05","T1","0645","HS_RI_LS_05_0645","littorina_saxatalis","RI",NA,"HS",NA,NA,NA,NA,2019-07-25,NA,FALSE,NA,TRUE,TRUE,TRUE,FALSE,FALSE
"05","T3","0653","HS_MA_LS_05_0653","littorina_saxatalis","MA",NA,"HS",NA,NA,NA,NA,2019-07-25,NA,FALSE,NA,TRUE,TRUE,TRUE,FALSE,FALSE
"05","T3","0654","NT_MA_LS_05_0654","littorina_saxatalis","MA",NA,"NT",NA,NA,NA,NA,2019-07-25,NA,FALSE,NA,TRUE,TRUE,TRUE,FALSE,FALSE
"05","T3","0659","NT_MA_LL_05_0659","littorina_littorea","MA",NA,"NT",NA,NA,NA,NA,2019-07-25,NA,FALSE,NA,TRUE,TRUE,TRUE,FALSE,FALSE
"05","T2","0664","HS_MA_LL_05_0664","littorina_littorea","MA",NA,"HS",NA,NA,NA,NA,2019-07-25,NA,FALSE,NA,TRUE,TRUE,TRUE,FALSE,FALSE
"05","T3","0675","NT_RI_LL_05_0675","littorina_littorea","RI",NA,"NT",NA,NA,NA,NA,2019-07-25,NA,FALSE,NA,TRUE,TRUE,TRUE,FALSE,FALSE
"05","T3","0679","CS_RI_LL_05_0679","littorina_littorea","RI",NA,"CS",NA,NA,NA,NA,2019-07-25,NA,FALSE,NA,TRUE,TRUE,TRUE,FALSE,FALSE
"05","T1","0685","CS_RI_LL_05_0685","littorina_littorea","RI",NA,"CS",NA,NA,NA,NA,2019-07-25,NA,FALSE,NA,TRUE,TRUE,TRUE,FALSE,FALSE
"05","T1","0702","NT_MA_LO_05_0702","littorina_obtusata","MA",NA,"NT",NA,NA,NA,NA,2019-07-25,NA,FALSE,NA,TRUE,TRUE,TRUE,FALSE,FALSE
"05","T3","0709","CS_RI_LO_05_0709","littorina_obtusata","RI",NA,"CS",NA,NA,NA,NA,2019-07-25,NA,FALSE,NA,TRUE,TRUE,TRUE,FALSE,FALSE
"05","T3","0712","CS_MA_LO_05_0712","littorina_obtusata","MA",NA,"CS",NA,NA,NA,NA,2019-07-25,NA,FALSE,NA,TRUE,TRUE,TRUE,FALSE,FALSE
"05","T3","0717","HS_RI_LO_05_0717","littorina_obtusata","RI",NA,"HS",NA,NA,NA,NA,2019-07-25,NA,FALSE,NA,TRUE,TRUE,TRUE,FALSE,FALSE
"05","T1","0722","NT_RI_LS_05_0722","littorina_saxatalis","RI",NA,"NT",NA,NA,NA,NA,2019-07-25,NA,FALSE,NA,TRUE,TRUE,TRUE,FALSE,FALSE
"05","T2","0725","NT_MA_LS_05_0725","littorina_saxatalis","MA",NA,"NT",NA,NA,NA,NA,2019-07-25,NA,FALSE,NA,TRUE,TRUE,TRUE,FALSE,FALSE
"05","T3","0739","HS_MA_LL_05_0739","littorina_littorea","MA",NA,"HS",NA,NA,NA,NA,2019-07-25,NA,FALSE,NA,TRUE,TRUE,TRUE,FALSE,FALSE
"05","T3","0744","CS_MA_LO_05_0744","littorina_obtusata","MA",NA,"CS",NA,NA,NA,NA,2019-07-25,NA,FALSE,NA,TRUE,TRUE,TRUE,FALSE,FALSE
"05","T2","0750","NT_RI_LL_05_0750","littorina_littorea","RI",NA,"NT",NA,NA,NA,NA,2019-07-25,NA,FALSE,NA,TRUE,TRUE,TRUE,FALSE,FALSE
"05","T1","0754","HS_MA_LO_05_0754","littorina_obtusata","MA",NA,"HS",NA,NA,NA,NA,2019-07-25,NA,FALSE,NA,TRUE,TRUE,TRUE,FALSE,FALSE
"05","T2","0755","HS_RI_LL_05_0755","littorina_littorea","RI",NA,"HS",NA,NA,NA,NA,2019-07-25,NA,FALSE,NA,TRUE,TRUE,TRUE,FALSE,FALSE
"05","T3","0769","CS_MA_LS_05_0769","littorina_saxatalis","MA",NA,"CS",NA,NA,NA,NA,2019-07-25,NA,FALSE,NA,TRUE,TRUE,TRUE,FALSE,FALSE
"05","T3","0780","NT_MA_LL_05_0780","littorina_littorea","MA",NA,"NT",NA,NA,NA,NA,2019-07-25,NA,FALSE,NA,TRUE,TRUE,TRUE,FALSE,FALSE
"05","T1","0783","NT_MA_LL_05_0783","littorina_littorea","MA",NA,"NT",NA,NA,NA,NA,2019-07-25,NA,FALSE,NA,TRUE,TRUE,TRUE,FALSE,FALSE
"05","T1","0786","HS_MA_LS_05_0786","littorina_saxatalis","MA",NA,"HS",NA,NA,NA,NA,2019-07-25,NA,FALSE,NA,TRUE,TRUE,TRUE,FALSE,FALSE
"05","T2","0788","CS_MA_LL_05_0788","littorina_littorea","MA",NA,"CS",NA,NA,NA,NA,2019-07-25,NA,FALSE,NA,TRUE,TRUE,TRUE,FALSE,FALSE
"05","T2","0793","NT_MA_LO_05_0793","littorina_obtusata","MA",NA,"NT",NA,NA,NA,NA,2019-07-25,NA,FALSE,NA,TRUE,TRUE,TRUE,FALSE,FALSE
"05","T2","0795","CS_MA_LL_05_0795","littorina_littorea","MA",NA,"CS",NA,NA,NA,NA,2019-07-25,NA,FALSE,NA,TRUE,TRUE,TRUE,FALSE,FALSE
"05","T3","0796","HS_MA_LO_05_0796","littorina_obtusata","MA",NA,"HS",NA,NA,NA,NA,2019-07-25,NA,FALSE,NA,TRUE,TRUE,TRUE,FALSE,FALSE
"05","T2","0804","HS_RI_LO_05_0804","littorina_obtusata","RI",NA,"HS",NA,NA,NA,NA,2019-07-25,NA,FALSE,NA,TRUE,TRUE,TRUE,FALSE,FALSE
"05","T3","0805","NT_RI_LO_05_0805","littorina_obtusata","RI",NA,"NT",NA,NA,NA,NA,2019-07-25,NA,FALSE,NA,TRUE,TRUE,TRUE,FALSE,FALSE
"05","T2","0817","NT_MA_LS_05_0817","littorina_saxatalis","MA",NA,"NT",NA,NA,NA,NA,2019-07-25,NA,FALSE,NA,TRUE,TRUE,TRUE,FALSE,FALSE
"05","T2","0818","CS_MA_LS_05_0818","littorina_saxatalis","MA",NA,"CS",NA,NA,NA,NA,2019-07-25,NA,FALSE,NA,TRUE,TRUE,TRUE,FALSE,FALSE
"05","T2","0821","CS_MA_LL_05_0821","littorina_littorea","MA",NA,"CS",NA,NA,NA,NA,2019-07-25,NA,FALSE,NA,TRUE,TRUE,TRUE,FALSE,FALSE
"05","T2","0828","CS_MA_LS_05_0828","littorina_saxatalis","MA",NA,"CS",NA,NA,NA,NA,2019-07-25,NA,FALSE,NA,TRUE,TRUE,TRUE,FALSE,FALSE
"05","T1","0829","HS_MA_LL_05_0829","littorina_littorea","MA",NA,"HS",NA,NA,NA,NA,2019-07-25,NA,FALSE,NA,TRUE,TRUE,TRUE,FALSE,FALSE
"05","T2","0831","NT_RI_LS_05_0831","littorina_saxatalis","RI",NA,"NT",NA,NA,NA,NA,2019-07-25,NA,FALSE,NA,TRUE,TRUE,TRUE,FALSE,FALSE
"05","T2","0840","HS_MA_LS_05_0840","littorina_saxatalis","MA",NA,"HS",NA,NA,NA,NA,2019-07-25,NA,FALSE,NA,TRUE,TRUE,TRUE,FALSE,FALSE
"05","T3","0844","HS_MA_LO_05_0844","littorina_obtusata","MA",NA,"HS",NA,NA,NA,NA,2019-07-26,NA,FALSE,NA,TRUE,TRUE,TRUE,FALSE,FALSE
"05","T1","0850","CS_MA_LS_05_0850","littorina_saxatalis","MA",NA,"CS",NA,NA,NA,NA,2019-07-26,NA,FALSE,NA,TRUE,TRUE,TRUE,FALSE,FALSE
"05","T2","0854","NT_RI_LS_05_0854","littorina_saxatalis","RI",NA,"NT",NA,NA,NA,NA,2019-07-26,NA,FALSE,NA,TRUE,TRUE,TRUE,FALSE,FALSE
"05","T1","0865","NT_MA_LL_05_0865","littorina_littorea","MA",NA,"NT",NA,NA,NA,NA,2019-07-26,NA,FALSE,NA,TRUE,TRUE,TRUE,FALSE,FALSE
"05","T2","0868","CS_RI_LL_05_0868","littorina_littorea","RI",NA,"CS",NA,NA,NA,NA,2019-07-26,NA,FALSE,NA,TRUE,TRUE,TRUE,FALSE,FALSE
"05","T2","0870","HS_MA_LO_05_0870","littorina_obtusata","MA",NA,"HS",NA,NA,NA,NA,2019-07-26,NA,FALSE,NA,TRUE,TRUE,TRUE,FALSE,FALSE
"05","T3","0874","HS_RI_LS_05_0874","littorina_saxatalis","RI",NA,"HS",NA,NA,NA,NA,2019-07-26,NA,FALSE,NA,TRUE,TRUE,TRUE,FALSE,FALSE
"05","T1","0878","CS_MA_LS_05_0878","littorina_saxatalis","MA",NA,"CS",NA,NA,NA,NA,2019-07-26,NA,FALSE,NA,TRUE,TRUE,TRUE,FALSE,FALSE
"05","T2","0879","HS_RI_LS_05_0879","littorina_saxatalis","RI",NA,"HS",NA,NA,NA,NA,2019-07-26,NA,FALSE,NA,TRUE,TRUE,TRUE,FALSE,FALSE
"05","T2","0891","CS_RI_LS_05_0891","littorina_saxatalis","RI",NA,"CS",NA,NA,NA,NA,2019-07-26,NA,FALSE,NA,TRUE,TRUE,TRUE,FALSE,FALSE
"05","T2","0900","NT_MA_LL_05_0900","littorina_littorea","MA",NA,"NT",NA,NA,NA,NA,2019-07-26,NA,FALSE,NA,TRUE,TRUE,TRUE,FALSE,FALSE
"05","T3","0905","NT_MA_LO_05_0905","littorina_obtusata","MA",NA,"NT",NA,NA,NA,NA,2019-07-26,NA,FALSE,NA,TRUE,TRUE,TRUE,FALSE,FALSE
"05","T1","0908","NT_RI_LO_05_0908","littorina_obtusata","RI",NA,"NT",NA,NA,NA,NA,2019-07-26,NA,FALSE,NA,TRUE,TRUE,TRUE,FALSE,FALSE
"05","T1","0918","CS_RI_LL_05_0918","littorina_littorea","RI",NA,"CS",NA,NA,NA,NA,2019-07-26,NA,FALSE,NA,TRUE,TRUE,TRUE,FALSE,FALSE
"05","T1","0926","HS_RI_LO_05_0926","littorina_obtusata","RI",NA,"HS",NA,NA,NA,NA,2019-07-26,NA,FALSE,NA,TRUE,TRUE,TRUE,FALSE,FALSE
"05","T1","0928","HS_MA_LO_05_0928","littorina_obtusata","MA",NA,"HS",NA,NA,NA,NA,2019-07-26,NA,FALSE,NA,TRUE,TRUE,TRUE,FALSE,FALSE
"05","T2","0929","CS_RI_LO_05_0929","littorina_obtusata","RI",NA,"CS",NA,NA,NA,NA,2019-07-26,NA,FALSE,NA,TRUE,TRUE,TRUE,FALSE,FALSE
"05","T1","0934","HS_MA_LL_05_0934","littorina_littorea","MA",NA,"HS",NA,NA,NA,NA,2019-07-26,NA,FALSE,NA,TRUE,TRUE,TRUE,FALSE,FALSE
"05","T3","0945","NT_MA_LO_05_0945","littorina_obtusata","MA",NA,"NT",NA,NA,NA,NA,2019-07-26,NA,FALSE,NA,TRUE,TRUE,TRUE,FALSE,FALSE
"05","T3","0947","NT_RI_LO_05_0947","littorina_obtusata","RI",NA,"NT",NA,NA,NA,NA,2019-07-26,NA,FALSE,NA,TRUE,TRUE,TRUE,FALSE,FALSE
"05","T2","0955","NT_MA_LL_05_0955","littorina_littorea","MA",NA,"NT",NA,NA,NA,NA,2019-07-26,NA,FALSE,NA,TRUE,TRUE,TRUE,FALSE,FALSE
"05","T1","0958","HS_RI_LS_05_0958","littorina_saxatalis","RI",NA,"HS",NA,NA,NA,NA,2019-07-26,NA,FALSE,NA,TRUE,TRUE,TRUE,FALSE,FALSE
"05","T3","0962","HS_RI_LS_05_0962","littorina_saxatalis","RI",NA,"HS",NA,NA,NA,NA,2019-07-26,NA,FALSE,NA,TRUE,TRUE,TRUE,FALSE,FALSE
"05","T1","0967","CS_MA_LL_05_0967","littorina_littorea","MA",NA,"CS",NA,NA,NA,NA,2019-07-26,NA,FALSE,NA,TRUE,TRUE,TRUE,FALSE,FALSE
"05","T3","0970","CS_MA_LL_05_0970","littorina_littorea","MA",NA,"CS",NA,NA,NA,NA,2019-07-26,NA,FALSE,NA,TRUE,TRUE,TRUE,FALSE,FALSE
"05","T2","0975","HS_MA_LO_05_0975","littorina_obtusata","MA",NA,"HS",NA,NA,NA,NA,2019-07-26,NA,FALSE,NA,TRUE,TRUE,TRUE,FALSE,FALSE
"05","T3","0979","NT_RI_LO_05_0979","littorina_obtusata","RI",NA,"NT",NA,NA,NA,NA,2019-07-26,NA,FALSE,NA,TRUE,TRUE,TRUE,FALSE,FALSE
"05","T2","0985","HS_MA_LS_05_0985","littorina_saxatalis","MA",NA,"HS",NA,NA,NA,NA,2019-07-26,NA,FALSE,NA,TRUE,TRUE,TRUE,FALSE,FALSE
"05","T2","0992","HS_MA_LS_05_0992","littorina_saxatalis","MA",NA,"HS",NA,NA,NA,NA,2019-07-26,NA,FALSE,NA,TRUE,TRUE,TRUE,FALSE,FALSE
"05","T3","0999","CS_RI_LO_05_0999","littorina_obtusata","RI",NA,"CS",NA,NA,NA,NA,2019-07-26,NA,FALSE,NA,TRUE,TRUE,TRUE,FALSE,FALSE
"05","T1","1001","HS_MA_LS_05_1001","littorina_saxatalis","MA",NA,"HS",NA,NA,NA,NA,2019-07-26,NA,FALSE,NA,TRUE,TRUE,TRUE,FALSE,FALSE
"05","T2","1007","CS_MA_LS_05_1007","littorina_saxatalis","MA",NA,"CS",NA,NA,NA,NA,2019-07-26,NA,FALSE,NA,TRUE,TRUE,TRUE,FALSE,FALSE
"05","T2","1015","NT_MA_LL_05_1015","littorina_littorea","MA",NA,"NT",NA,NA,NA,NA,2019-07-26,NA,FALSE,NA,TRUE,TRUE,TRUE,FALSE,FALSE
"05","T2","1018","HS_RI_LS_05_1018","littorina_saxatalis","RI",NA,"HS",NA,NA,NA,NA,2019-07-26,NA,FALSE,NA,TRUE,TRUE,TRUE,FALSE,FALSE
"05","T2","1024","NT_MA_LO_05_1024","littorina_obtusata","MA",NA,"NT",NA,NA,NA,NA,2019-07-26,NA,FALSE,NA,TRUE,TRUE,TRUE,FALSE,FALSE
"05","T2","1025","CS_MA_LL_05_1025","littorina_littorea","MA",NA,"CS",NA,NA,NA,NA,2019-07-26,NA,FALSE,NA,TRUE,TRUE,TRUE,FALSE,FALSE
"05","T1","1027","CS_RI_LO_05_1027","littorina_obtusata","RI",NA,"CS",NA,NA,NA,NA,2019-07-26,NA,FALSE,NA,TRUE,TRUE,TRUE,FALSE,FALSE
"05","T3","1028","HS_RI_LL_05_1028","littorina_littorea","RI",NA,"HS",NA,NA,NA,NA,2019-07-26,NA,FALSE,NA,TRUE,TRUE,TRUE,FALSE,FALSE
"05","T2","1034","CS_MA_LO_05_1034","littorina_obtusata","MA",NA,"CS",NA,NA,NA,NA,2019-07-26,NA,FALSE,NA,TRUE,TRUE,TRUE,FALSE,FALSE
"05","T2","1035","NT_MA_LL_05_1035","littorina_littorea","MA",NA,"NT",NA,NA,NA,NA,2019-07-26,NA,FALSE,NA,TRUE,TRUE,TRUE,FALSE,FALSE
"05","T2","1036","HS_RI_LS_05_1036","littorina_saxatalis","RI",NA,"HS",NA,NA,NA,NA,2019-07-26,NA,FALSE,NA,TRUE,TRUE,TRUE,FALSE,FALSE
"05","T1","1068","NT_MA_LS_05_1068","littorina_saxatalis","MA",NA,"NT",NA,NA,NA,NA,2019-07-26,NA,FALSE,NA,TRUE,TRUE,TRUE,FALSE,FALSE
"05","T1","1070","NT_MA_LO_05_1070","littorina_obtusata","MA",NA,"NT",NA,NA,NA,NA,2019-07-26,NA,FALSE,NA,TRUE,TRUE,TRUE,FALSE,FALSE
"05","T1","1078","CS_RI_LS_05_1078","littorina_saxatalis","RI",NA,"CS",NA,NA,NA,NA,2019-07-26,NA,FALSE,NA,TRUE,TRUE,TRUE,FALSE,FALSE
"05","T3","1079","CS_MA_LO_05_1079","littorina_obtusata","MA",NA,"CS",NA,NA,NA,NA,2019-07-26,NA,FALSE,NA,TRUE,TRUE,TRUE,FALSE,FALSE
"06","T1","0007","HS_MA_LS_06_0007","littorina_saxatalis","MA",NA,"HS",NA,NA,NA,NA,2019-07-29,NA,FALSE,NA,TRUE,TRUE,TRUE,FALSE,FALSE
"06","T2","0016","CS_MA_LL_06_0016","littorina_littorea","MA",NA,"CS",NA,NA,NA,NA,2019-07-29,NA,FALSE,NA,TRUE,TRUE,TRUE,FALSE,FALSE
"06","T1","0017","HS_MA_LO_06_0017","littorina_obtusata","MA",NA,"HS",NA,NA,NA,NA,2019-07-29,NA,FALSE,NA,TRUE,TRUE,TRUE,FALSE,FALSE
"06","T3","0019","NT_MA_LO_06_0019","littorina_obtusata","MA",NA,"NT",NA,NA,NA,NA,2019-07-29,NA,FALSE,NA,TRUE,TRUE,TRUE,FALSE,FALSE
"06","T3","0026","HS_MA_LL_06_0026","littorina_littorea","MA",NA,"HS",NA,NA,NA,NA,2019-07-29,NA,FALSE,NA,TRUE,TRUE,TRUE,FALSE,FALSE
"06","T1","0031","NT_RI_LO_06_0031","littorina_obtusata","RI",NA,"NT",NA,NA,NA,NA,2019-07-29,NA,FALSE,NA,TRUE,TRUE,TRUE,FALSE,FALSE
"06","T3","0035","NT_RI_LO_06_0035","littorina_obtusata","RI",NA,"NT",NA,NA,NA,NA,2019-07-29,NA,FALSE,NA,TRUE,TRUE,TRUE,FALSE,FALSE
"06","T3","0037","NT_MA_LO_06_0037","littorina_obtusata","MA",NA,"NT",NA,NA,NA,NA,2019-07-29,NA,FALSE,NA,TRUE,TRUE,TRUE,FALSE,FALSE
"06","T1","0054","NT_RI_LO_06_0054","littorina_obtusata","RI",NA,"NT",NA,NA,NA,NA,2019-07-29,NA,FALSE,NA,TRUE,TRUE,TRUE,FALSE,FALSE
"06","T1","0055","CS_MA_LO_06_0055","littorina_obtusata","MA",NA,"CS",NA,NA,NA,NA,2019-07-29,NA,FALSE,NA,TRUE,TRUE,TRUE,FALSE,FALSE
"06","T3","0058","CS_RI_LL_06_0058","littorina_littorea","RI",NA,"CS",NA,NA,NA,NA,2019-07-29,NA,FALSE,NA,TRUE,TRUE,TRUE,FALSE,FALSE
"06","T1","0066","HS_RI_LS_06_0066","littorina_saxatalis","RI",NA,"HS",NA,NA,NA,NA,2019-07-29,NA,FALSE,NA,TRUE,TRUE,TRUE,FALSE,FALSE
"06","T3","0068","NT_RI_LS_06_0068","littorina_saxatalis","RI",NA,"NT",NA,NA,NA,NA,2019-07-29,NA,FALSE,NA,TRUE,TRUE,TRUE,FALSE,FALSE
"06","T3","0070","HS_RI_LS_06_0070","littorina_saxatalis","RI",NA,"HS",NA,NA,NA,NA,2019-07-29,NA,FALSE,NA,TRUE,TRUE,TRUE,FALSE,FALSE
"06","T1","0075","CS_MA_LL_06_0075","littorina_littorea","MA",NA,"CS",NA,NA,NA,NA,2019-07-29,NA,FALSE,NA,TRUE,TRUE,TRUE,FALSE,FALSE
"06","T1","0079","CS_RI_LO_06_0079","littorina_obtusata","RI",NA,"CS",NA,NA,NA,NA,2019-07-29,NA,FALSE,NA,TRUE,TRUE,TRUE,FALSE,FALSE
"06","T3","0099","NT_MA_LO_06_0099","littorina_obtusata","MA",NA,"NT",NA,NA,NA,NA,2019-07-29,NA,FALSE,NA,TRUE,TRUE,TRUE,FALSE,FALSE
"06","T3","0101","HS_RI_LS_06_0101","littorina_saxatalis","RI",NA,"HS",NA,NA,NA,NA,2019-07-29,NA,FALSE,NA,TRUE,TRUE,TRUE,FALSE,FALSE
"06","T3","0103","HS_RI_LS_06_0103","littorina_saxatalis","RI",NA,"HS",NA,NA,NA,NA,2019-07-29,NA,FALSE,NA,TRUE,TRUE,TRUE,FALSE,FALSE
"06","T2","0112","HS_RI_LL_06_0112","littorina_littorea","RI",NA,"HS",NA,NA,NA,NA,2019-07-29,NA,FALSE,NA,TRUE,TRUE,TRUE,FALSE,FALSE
"06","T2","0115","NT_RI_LS_06_0115","littorina_saxatalis","RI",NA,"NT",NA,NA,NA,NA,2019-07-29,NA,FALSE,NA,TRUE,TRUE,TRUE,FALSE,FALSE
"06","T3","0117","NT_MA_LO_06_0117","littorina_obtusata","MA",NA,"NT",NA,NA,NA,NA,2019-07-29,NA,FALSE,NA,TRUE,TRUE,TRUE,FALSE,FALSE
"06","T2","0122","CS_RI_LS_06_0122","littorina_saxatalis","RI",NA,"CS",NA,NA,NA,NA,2019-07-29,NA,FALSE,NA,TRUE,TRUE,TRUE,FALSE,FALSE
"06","T2","0133","CS_RI_LS_06_0133","littorina_saxatalis","RI",NA,"CS",NA,NA,NA,NA,2019-07-29,NA,FALSE,NA,TRUE,TRUE,TRUE,FALSE,FALSE
"06","T3","0141","HS_MA_LS_06_0141","littorina_saxatalis","MA",NA,"HS",NA,NA,NA,NA,2019-07-29,NA,FALSE,NA,TRUE,TRUE,TRUE,FALSE,FALSE
"06","T1","0151","NT_RI_LL_06_0151","littorina_littorea","RI",NA,"NT",NA,NA,NA,NA,2019-07-29,NA,FALSE,NA,TRUE,TRUE,TRUE,FALSE,FALSE
"06","T2","0158","HS_RI_LL_06_0158","littorina_littorea","RI",NA,"HS",NA,NA,NA,NA,2019-07-29,NA,FALSE,NA,TRUE,TRUE,TRUE,FALSE,FALSE
"06","T1","0163","CS_RI_LL_06_0163","littorina_littorea","RI",NA,"CS",NA,NA,NA,NA,2019-07-29,NA,FALSE,NA,TRUE,TRUE,TRUE,FALSE,FALSE
"06","T3","0166","NT_RI_LO_06_0166","littorina_obtusata","RI",NA,"NT",NA,NA,NA,NA,2019-07-29,NA,FALSE,NA,TRUE,TRUE,TRUE,FALSE,FALSE
"06","T3","0171","HS_MA_LL_06_0171","littorina_littorea","MA",NA,"HS",NA,NA,NA,NA,2019-07-29,NA,FALSE,NA,TRUE,TRUE,TRUE,FALSE,FALSE
"06","T1","0183","CS_RI_LO_06_0183","littorina_obtusata","RI",NA,"CS",NA,NA,NA,NA,2019-07-29,NA,FALSE,NA,TRUE,TRUE,TRUE,FALSE,FALSE
"06","T2","0190","NT_MA_LS_06_0190","littorina_saxatalis","MA",NA,"NT",NA,NA,NA,NA,2019-07-29,NA,FALSE,NA,TRUE,TRUE,TRUE,FALSE,FALSE
"06","T3","0200","CS_RI_LL_06_0200","littorina_littorea","RI",NA,"CS",NA,NA,NA,NA,2019-07-29,NA,FALSE,NA,TRUE,TRUE,TRUE,FALSE,FALSE
"06","T3","0208","HS_MA_LL_06_0208","littorina_littorea","MA",NA,"HS",NA,NA,NA,NA,2019-07-29,NA,FALSE,NA,TRUE,TRUE,TRUE,FALSE,FALSE
"06","T1","0211","CS_MA_LO_06_0211","littorina_obtusata","MA",NA,"CS",NA,NA,NA,NA,2019-07-29,NA,FALSE,NA,TRUE,TRUE,TRUE,FALSE,FALSE
"06","T2","0212","NT_RI_LS_06_0212","littorina_saxatalis","RI",NA,"NT",NA,NA,NA,NA,2019-07-29,NA,FALSE,NA,TRUE,TRUE,TRUE,FALSE,FALSE
"06","T3","0214","CS_MA_LO_06_0214","littorina_obtusata","MA",NA,"CS",NA,NA,NA,NA,2019-07-29,NA,FALSE,NA,TRUE,TRUE,TRUE,FALSE,FALSE
"06","T2","0221","CS_MA_LS_06_0221","littorina_saxatalis","MA",NA,"CS",NA,NA,NA,NA,2019-07-29,NA,FALSE,NA,TRUE,TRUE,TRUE,FALSE,FALSE
"06","T1","0234","NT_RI_LL_06_0234","littorina_littorea","RI",NA,"NT",NA,NA,NA,NA,2019-07-29,NA,FALSE,NA,TRUE,TRUE,TRUE,FALSE,FALSE
"06","T3","0236","NT_MA_LL_06_0236","littorina_littorea","MA",NA,"NT",NA,NA,NA,NA,2019-07-29,NA,FALSE,NA,TRUE,TRUE,TRUE,FALSE,FALSE
"06","T2","0242","NT_MA_LS_06_0242","littorina_saxatalis","MA",NA,"NT",NA,NA,NA,NA,2019-07-29,NA,FALSE,NA,TRUE,TRUE,TRUE,FALSE,FALSE
"06","T3","0245","HS_MA_LS_06_0245","littorina_saxatalis","MA",NA,"HS",NA,NA,NA,NA,2019-07-29,NA,FALSE,NA,TRUE,TRUE,TRUE,FALSE,FALSE
"06","T2","0247","CS_RI_LO_06_0247","littorina_obtusata","RI",NA,"CS",NA,NA,NA,NA,2019-07-29,NA,FALSE,NA,TRUE,TRUE,TRUE,FALSE,FALSE
"06","T1","0256","HS_RI_LO_06_0256","littorina_obtusata","RI",NA,"HS",NA,NA,NA,NA,2019-07-29,NA,FALSE,NA,TRUE,TRUE,TRUE,FALSE,FALSE
"06","T1","0258","CS_RI_LL_06_0258","littorina_littorea","RI",NA,"CS",NA,NA,NA,NA,2019-07-29,NA,FALSE,NA,TRUE,TRUE,TRUE,FALSE,FALSE
"06","T2","0264","HS_RI_LL_06_0264","littorina_littorea","RI",NA,"HS",NA,NA,NA,NA,2019-07-30,NA,FALSE,NA,TRUE,TRUE,TRUE,FALSE,FALSE
"06","T3","0266","NT_RI_LL_06_0266","littorina_littorea","RI",NA,"NT",NA,NA,NA,NA,2019-07-30,NA,FALSE,NA,TRUE,TRUE,TRUE,FALSE,FALSE
"06","T3","0268","NT_MA_LL_06_0268","littorina_littorea","MA",NA,"NT",NA,NA,NA,NA,2019-07-30,NA,FALSE,NA,TRUE,TRUE,TRUE,FALSE,FALSE
"06","T3","0269","CS_RI_LS_06_0269","littorina_saxatalis","RI",NA,"CS",NA,NA,NA,NA,2019-07-30,NA,FALSE,NA,TRUE,TRUE,TRUE,FALSE,FALSE
"06","T1","0270","HS_MA_LS_06_0270","littorina_saxatalis","MA",NA,"HS",NA,NA,NA,NA,2019-07-30,NA,FALSE,NA,TRUE,TRUE,TRUE,FALSE,FALSE
"06","T2","0271","NT_RI_LL_06_0271","littorina_littorea","RI",NA,"NT",NA,NA,NA,NA,2019-07-30,NA,FALSE,NA,TRUE,TRUE,TRUE,FALSE,FALSE
"06","T1","0276","CS_RI_LS_06_0276","littorina_saxatalis","RI",NA,"CS",NA,NA,NA,NA,2019-07-30,NA,FALSE,NA,TRUE,TRUE,TRUE,FALSE,FALSE
"06","T1","0286","CS_RI_LL_06_0286","littorina_littorea","RI",NA,"CS",NA,NA,NA,NA,2019-07-30,NA,FALSE,NA,TRUE,TRUE,TRUE,FALSE,FALSE
"06","T1","0291","HS_RI_LL_06_0291","littorina_littorea","RI",NA,"HS",NA,NA,NA,NA,2019-07-30,NA,FALSE,NA,TRUE,TRUE,TRUE,FALSE,FALSE
"06","T2","0296","NT_MA_LS_06_0296","littorina_saxatalis","MA",NA,"NT",NA,NA,NA,NA,2019-07-30,NA,FALSE,NA,TRUE,TRUE,TRUE,FALSE,FALSE
"06","T3","0307","NT_RI_LL_06_0307","littorina_littorea","RI",NA,"NT",NA,NA,NA,NA,2019-07-30,NA,FALSE,NA,TRUE,TRUE,TRUE,FALSE,FALSE
"06","T2","0314","CS_MA_LO_06_0314","littorina_obtusata","MA",NA,"CS",NA,NA,NA,NA,2019-07-30,NA,FALSE,NA,TRUE,TRUE,TRUE,FALSE,FALSE
"06","T1","0320","CS_MA_LO_06_0320","littorina_obtusata","MA",NA,"CS",NA,NA,NA,NA,2019-07-30,NA,FALSE,NA,TRUE,TRUE,TRUE,FALSE,FALSE
"06","T2","0321","HS_RI_LO_06_0321","littorina_obtusata","RI",NA,"HS",NA,NA,NA,NA,2019-07-30,NA,FALSE,NA,TRUE,TRUE,TRUE,FALSE,FALSE
"06","T1","0322","HS_MA_LL_06_0322","littorina_littorea","MA",NA,"HS",NA,NA,NA,NA,2019-07-30,NA,FALSE,NA,TRUE,TRUE,TRUE,FALSE,FALSE
"06","T3","0324","NT_MA_LS_06_0324","littorina_saxatalis","MA",NA,"NT",NA,NA,NA,NA,2019-07-30,NA,FALSE,NA,TRUE,TRUE,TRUE,FALSE,FALSE
"06","T3","0349","NT_MA_LS_06_0349","littorina_saxatalis","MA",NA,"NT",NA,NA,NA,NA,2019-07-30,NA,FALSE,NA,TRUE,TRUE,TRUE,FALSE,FALSE
"06","T3","0351","HS_RI_LO_06_0351","littorina_obtusata","RI",NA,"HS",NA,NA,NA,NA,2019-07-30,NA,FALSE,NA,TRUE,TRUE,TRUE,FALSE,FALSE
"06","T3","0359","NT_MA_LL_06_0359","littorina_littorea","MA",NA,"NT",NA,NA,NA,NA,2019-07-30,NA,FALSE,NA,TRUE,TRUE,TRUE,FALSE,FALSE
"06","T2","0363","CS_MA_LL_06_0363","littorina_littorea","MA",NA,"CS",NA,NA,NA,NA,2019-07-30,NA,FALSE,NA,TRUE,TRUE,TRUE,FALSE,FALSE
"06","T1","0364","HS_MA_LO_06_0364","littorina_obtusata","MA",NA,"HS",NA,NA,NA,NA,2019-07-30,NA,FALSE,NA,TRUE,TRUE,TRUE,FALSE,FALSE
"06","T3","0371","CS_RI_LS_06_0371","littorina_saxatalis","RI",NA,"CS",NA,NA,NA,NA,2019-07-30,NA,FALSE,NA,TRUE,TRUE,TRUE,FALSE,FALSE
"06","T1","0385","NT_RI_LL_06_0385","littorina_littorea","RI",NA,"NT",NA,NA,NA,NA,2019-07-30,NA,FALSE,NA,TRUE,TRUE,TRUE,FALSE,FALSE
"06","T1","0392","NT_MA_LS_06_0392","littorina_saxatalis","MA",NA,"NT",NA,NA,NA,NA,2019-07-30,NA,FALSE,NA,TRUE,TRUE,TRUE,FALSE,FALSE
"06","T3","0396","HS_MA_LS_06_0396","littorina_saxatalis","MA",NA,"HS",NA,NA,NA,NA,2019-07-30,NA,FALSE,NA,TRUE,TRUE,TRUE,FALSE,FALSE
"06","T2","0402","CS_MA_LL_06_0402","littorina_littorea","MA",NA,"CS",NA,NA,NA,NA,2019-07-30,NA,FALSE,NA,TRUE,TRUE,TRUE,FALSE,FALSE
"06","T2","0403","HS_MA_LO_06_0403","littorina_obtusata","MA",NA,"HS",NA,NA,NA,NA,2019-07-30,NA,FALSE,NA,TRUE,TRUE,TRUE,FALSE,FALSE
"06","T1","0407","NT_MA_LL_06_0407","littorina_littorea","MA",NA,"NT",NA,NA,NA,NA,2019-07-30,NA,FALSE,NA,TRUE,TRUE,TRUE,FALSE,FALSE
"06","T2","0408","CS_RI_LO_06_0408","littorina_obtusata","RI",NA,"CS",NA,NA,NA,NA,2019-07-30,NA,FALSE,NA,TRUE,TRUE,TRUE,FALSE,FALSE
"06","T1","0412","HS_RI_LO_06_0412","littorina_obtusata","RI",NA,"HS",NA,NA,NA,NA,2019-07-30,NA,FALSE,NA,TRUE,TRUE,TRUE,FALSE,FALSE
"06","T3","0421","CS_MA_LL_06_0421","littorina_littorea","MA",NA,"CS",NA,NA,NA,NA,2019-07-30,NA,FALSE,NA,TRUE,TRUE,TRUE,FALSE,FALSE
"06","T1","0426","NT_MA_LO_06_0426","littorina_obtusata","MA",NA,"NT",NA,NA,NA,NA,2019-07-30,NA,FALSE,NA,TRUE,TRUE,TRUE,FALSE,FALSE
"06","T2","0435","NT_RI_LS_06_0435","littorina_saxatalis","RI",NA,"NT",NA,NA,NA,NA,2019-07-30,NA,FALSE,NA,TRUE,TRUE,TRUE,FALSE,FALSE
"06","T1","0446","NT_MA_LL_06_0446","littorina_littorea","MA",NA,"NT",NA,NA,NA,NA,2019-07-30,NA,FALSE,NA,TRUE,TRUE,TRUE,FALSE,FALSE
"06","T1","0458","HS_MA_LS_06_0458","littorina_saxatalis","MA",NA,"HS",NA,NA,NA,NA,2019-07-30,NA,FALSE,NA,TRUE,TRUE,TRUE,FALSE,FALSE
"06","T1","0461","NT_RI_LL_06_0461","littorina_littorea","RI",NA,"NT",NA,NA,NA,NA,2019-07-30,NA,FALSE,NA,TRUE,TRUE,TRUE,FALSE,FALSE
"06","T2","0465","CS_MA_LS_06_0465","littorina_saxatalis","MA",NA,"CS",NA,NA,NA,NA,2019-07-30,NA,FALSE,NA,TRUE,TRUE,TRUE,FALSE,FALSE
"06","T1","0467","CS_MA_LL_06_0467","littorina_littorea","MA",NA,"CS",NA,NA,NA,NA,2019-07-30,NA,FALSE,NA,TRUE,TRUE,TRUE,FALSE,FALSE
"06","T3","0475","NT_MA_LS_06_0475","littorina_saxatalis","MA",NA,"NT",NA,NA,NA,NA,2019-07-30,NA,FALSE,NA,TRUE,TRUE,TRUE,FALSE,FALSE
"06","T2","0486","CS_RI_LO_06_0486","littorina_obtusata","RI",NA,"CS",NA,NA,NA,NA,2019-07-30,NA,FALSE,NA,TRUE,TRUE,TRUE,FALSE,FALSE
"06","T3","0493","NT_MA_LL_06_0493","littorina_littorea","MA",NA,"NT",NA,NA,NA,NA,2019-07-30,NA,FALSE,NA,TRUE,TRUE,TRUE,FALSE,FALSE
"06","T2","0511","HS_RI_LO_06_0511","littorina_obtusata","RI",NA,"HS",NA,NA,NA,NA,2019-07-30,NA,FALSE,NA,TRUE,TRUE,TRUE,FALSE,FALSE
"06","T3","0522","CS_RI_LO_06_0522","littorina_obtusata","RI",NA,"CS",NA,NA,NA,NA,2019-07-30,NA,FALSE,NA,TRUE,TRUE,TRUE,FALSE,FALSE
"06","T2","0525","NT_MA_LS_06_0525","littorina_saxatalis","MA",NA,"NT",NA,NA,NA,NA,2019-07-30,NA,FALSE,NA,TRUE,TRUE,TRUE,FALSE,FALSE
"06","T3","0528","NT_RI_LO_06_0528","littorina_obtusata","RI",NA,"NT",NA,NA,NA,NA,2019-07-30,NA,FALSE,NA,TRUE,TRUE,TRUE,FALSE,FALSE
"06","T1","0529","CS_RI_LS_06_0529","littorina_saxatalis","RI",NA,"CS",NA,NA,NA,NA,2019-07-31,NA,FALSE,NA,TRUE,TRUE,TRUE,FALSE,FALSE
"06","T3","0534","CS_MA_LS_06_0534","littorina_saxatalis","MA",NA,"CS",NA,NA,NA,NA,2019-07-31,NA,FALSE,NA,TRUE,TRUE,TRUE,FALSE,FALSE
"06","T2","0553","NT_RI_LS_06_0553","littorina_saxatalis","RI",NA,"NT",NA,NA,NA,NA,2019-07-31,NA,FALSE,NA,TRUE,TRUE,TRUE,FALSE,FALSE
"06","T1","0561","CS_RI_LL_06_0561","littorina_littorea","RI",NA,"CS",NA,NA,NA,NA,2019-07-31,NA,FALSE,NA,TRUE,TRUE,TRUE,FALSE,FALSE
"06","T3","0565","HS_MA_LO_06_0565","littorina_obtusata","MA",NA,"HS",NA,NA,NA,NA,2019-07-31,NA,FALSE,NA,TRUE,TRUE,TRUE,FALSE,FALSE
"06","T2","0566","HS_MA_LS_06_0566","littorina_saxatalis","MA",NA,"HS",NA,NA,NA,NA,2019-07-31,NA,FALSE,NA,TRUE,TRUE,TRUE,FALSE,FALSE
"06","T1","0567","CS_RI_LL_06_0567","littorina_littorea","RI",NA,"CS",NA,NA,NA,NA,2019-07-31,NA,FALSE,NA,TRUE,TRUE,TRUE,FALSE,FALSE
"06","T1","0571","CS_MA_LO_06_0571","littorina_obtusata","MA",NA,"CS",NA,NA,NA,NA,2019-07-31,NA,FALSE,NA,TRUE,TRUE,TRUE,FALSE,FALSE
"06","T2","0572","NT_RI_LO_06_0572","littorina_obtusata","RI",NA,"NT",NA,NA,NA,NA,2019-07-31,NA,FALSE,NA,TRUE,TRUE,TRUE,FALSE,FALSE
"06","T2","0574","CS_MA_LS_06_0574","littorina_saxatalis","MA",NA,"CS",NA,NA,NA,NA,2019-07-31,NA,FALSE,NA,TRUE,TRUE,TRUE,FALSE,FALSE
"06","T1","0581","CS_MA_LL_06_0581","littorina_littorea","MA",NA,"CS",NA,NA,NA,NA,2019-07-31,NA,FALSE,NA,TRUE,TRUE,TRUE,FALSE,FALSE
"06","T3","0588","CS_MA_LS_06_0588","littorina_saxatalis","MA",NA,"CS",NA,NA,NA,NA,2019-07-31,NA,FALSE,NA,TRUE,TRUE,TRUE,FALSE,FALSE
"06","T2","0600","CS_MA_LS_06_0600","littorina_saxatalis","MA",NA,"CS",NA,NA,NA,NA,2019-07-31,NA,FALSE,NA,TRUE,TRUE,TRUE,FALSE,FALSE
"06","T1","0603","HS_RI_LS_06_0603","littorina_saxatalis","RI",NA,"HS",NA,NA,NA,NA,2019-07-31,NA,FALSE,NA,TRUE,TRUE,TRUE,FALSE,FALSE
"06","T2","0606","NT_MA_LL_06_0606","littorina_littorea","MA",NA,"NT",NA,NA,NA,NA,2019-07-31,NA,FALSE,NA,TRUE,TRUE,TRUE,FALSE,FALSE
"06","T2","0608","NT_MA_LS_06_0608","littorina_saxatalis","MA",NA,"NT",NA,NA,NA,NA,2019-07-31,NA,FALSE,NA,TRUE,TRUE,TRUE,FALSE,FALSE
"06","T2","0610","HS_MA_LO_06_0610","littorina_obtusata","MA",NA,"HS",NA,NA,NA,NA,2019-07-31,NA,FALSE,NA,TRUE,TRUE,TRUE,FALSE,FALSE
"06","T1","0613","CS_RI_LO_06_0613","littorina_obtusata","RI",NA,"CS",NA,NA,NA,NA,2019-07-31,NA,FALSE,NA,TRUE,TRUE,TRUE,FALSE,FALSE
"06","T3","0623","NT_MA_LL_06_0623","littorina_littorea","MA",NA,"NT",NA,NA,NA,NA,2019-07-31,NA,FALSE,NA,TRUE,TRUE,TRUE,FALSE,FALSE
"06","T1","0625","HS_MA_LL_06_0625","littorina_littorea","MA",NA,"HS",NA,NA,NA,NA,2019-07-31,NA,FALSE,NA,TRUE,TRUE,TRUE,FALSE,FALSE
"06","T1","0627","NT_RI_LL_06_0627","littorina_littorea","RI",NA,"NT",NA,NA,NA,NA,2019-07-31,NA,FALSE,NA,TRUE,TRUE,TRUE,FALSE,FALSE
"06","T1","0632","CS_RI_LL_06_0632","littorina_littorea","RI",NA,"CS",NA,NA,NA,NA,2019-07-31,NA,FALSE,NA,TRUE,TRUE,TRUE,FALSE,FALSE
"06","T3","0638","CS_RI_LS_06_0638","littorina_saxatalis","RI",NA,"CS",NA,NA,NA,NA,2019-07-31,NA,FALSE,NA,TRUE,TRUE,TRUE,FALSE,FALSE
"06","T3","0643","CS_RI_LO_06_0643","littorina_obtusata","RI",NA,"CS",NA,NA,NA,NA,2019-07-31,NA,FALSE,NA,TRUE,TRUE,TRUE,FALSE,FALSE
"06","T2","0644","NT_RI_LS_06_0644","littorina_saxatalis","RI",NA,"NT",NA,NA,NA,NA,2019-07-31,NA,FALSE,NA,TRUE,TRUE,TRUE,FALSE,FALSE
"06","T3","0651","HS_RI_LL_06_0651","littorina_littorea","RI",NA,"HS",NA,NA,NA,NA,2019-07-31,NA,FALSE,NA,TRUE,TRUE,TRUE,FALSE,FALSE
"06","T2","0671","HS_MA_LO_06_0671","littorina_obtusata","MA",NA,"HS",NA,NA,NA,NA,2019-07-31,NA,FALSE,NA,TRUE,TRUE,TRUE,FALSE,FALSE
"06","T3","0674","NT_MA_LO_06_0674","littorina_obtusata","MA",NA,"NT",NA,NA,NA,NA,2019-07-31,NA,FALSE,NA,TRUE,TRUE,TRUE,FALSE,FALSE
"06","T1","0680","HS_RI_LL_06_0680","littorina_littorea","RI",NA,"HS",NA,NA,NA,NA,2019-07-31,NA,FALSE,NA,TRUE,TRUE,TRUE,FALSE,FALSE
"06","T2","0681","CS_MA_LS_06_0681","littorina_saxatalis","MA",NA,"CS",NA,NA,NA,NA,2019-07-31,NA,FALSE,NA,TRUE,TRUE,TRUE,FALSE,FALSE
"06","T3","0682","HS_RI_LO_06_0682","littorina_obtusata","RI",NA,"HS",NA,NA,NA,NA,2019-07-31,NA,FALSE,NA,TRUE,TRUE,TRUE,FALSE,FALSE
"06","T3","0688","NT_RI_LS_06_0688","littorina_saxatalis","RI",NA,"NT",NA,NA,NA,NA,2019-07-31,NA,FALSE,NA,TRUE,TRUE,TRUE,FALSE,FALSE
"06","T2","0689","CS_MA_LS_06_0689","littorina_saxatalis","MA",NA,"CS",NA,NA,NA,NA,2019-07-31,NA,FALSE,NA,TRUE,TRUE,TRUE,FALSE,FALSE
"06","T3","0693","NT_RI_LO_06_0693","littorina_obtusata","RI",NA,"NT",NA,NA,NA,NA,2019-07-31,NA,FALSE,NA,TRUE,TRUE,TRUE,FALSE,FALSE
"06","T3","0695","HS_MA_LL_06_0695","littorina_littorea","MA",NA,"HS",NA,NA,NA,NA,2019-07-31,NA,FALSE,NA,TRUE,TRUE,TRUE,FALSE,FALSE
"06","T2","0700","NT_RI_LO_06_0700","littorina_obtusata","RI",NA,"NT",NA,NA,NA,NA,2019-07-31,NA,FALSE,NA,TRUE,TRUE,TRUE,FALSE,FALSE
"06","T1","0706","NT_MA_LL_06_0706","littorina_littorea","MA",NA,"NT",NA,NA,NA,NA,2019-07-31,NA,FALSE,NA,TRUE,TRUE,TRUE,FALSE,FALSE
"06","T2","0711","NT_RI_LL_06_0711","littorina_littorea","RI",NA,"NT",NA,NA,NA,NA,2019-07-31,NA,FALSE,NA,TRUE,TRUE,TRUE,FALSE,FALSE
"06","T3","0715","HS_MA_LL_06_0715","littorina_littorea","MA",NA,"HS",NA,NA,NA,NA,2019-07-31,NA,FALSE,NA,TRUE,TRUE,TRUE,FALSE,FALSE
"06","T2","0719","CS_RI_LS_06_0719","littorina_saxatalis","RI",NA,"CS",NA,NA,NA,NA,2019-07-31,NA,FALSE,NA,TRUE,TRUE,TRUE,FALSE,FALSE
"06","T3","0731","HS_MA_LS_06_0731","littorina_saxatalis","MA",NA,"HS",NA,NA,NA,NA,2019-07-31,NA,FALSE,NA,TRUE,TRUE,TRUE,FALSE,FALSE
"06","T2","0733","NT_MA_LO_06_0733","littorina_obtusata","MA",NA,"NT",NA,NA,NA,NA,2019-07-31,NA,FALSE,NA,TRUE,TRUE,TRUE,FALSE,FALSE
"06","T3","0737","HS_RI_LS_06_0737","littorina_saxatalis","RI",NA,"HS",NA,NA,NA,NA,2019-07-31,NA,FALSE,NA,TRUE,TRUE,TRUE,FALSE,FALSE
"06","T1","0740","CS_MA_LS_06_0740","littorina_saxatalis","MA",NA,"CS",NA,NA,NA,NA,2019-07-31,NA,FALSE,NA,TRUE,TRUE,TRUE,FALSE,FALSE
"06","T3","0741","HS_RI_LO_06_0741","littorina_obtusata","RI",NA,"HS",NA,NA,NA,NA,2019-07-31,NA,FALSE,NA,TRUE,TRUE,TRUE,FALSE,FALSE
"06","T2","0764","HS_MA_LO_06_0764","littorina_obtusata","MA",NA,"HS",NA,NA,NA,NA,2019-08-01,NA,FALSE,NA,TRUE,TRUE,TRUE,FALSE,FALSE
"06","T1","0775","HS_MA_LS_06_0775","littorina_saxatalis","MA",NA,"HS",NA,NA,NA,NA,2019-08-01,NA,FALSE,NA,TRUE,TRUE,TRUE,FALSE,FALSE
"06","T1","0776","HS_RI_LS_06_0776","littorina_saxatalis","RI",NA,"HS",NA,NA,NA,NA,2019-08-01,NA,FALSE,NA,TRUE,TRUE,TRUE,FALSE,FALSE
"06","T2","0777","HS_MA_LO_06_0777","littorina_obtusata","MA",NA,"HS",NA,NA,NA,NA,2019-08-01,NA,FALSE,NA,TRUE,TRUE,TRUE,FALSE,FALSE
"06","T3","0781","NT_MA_LS_06_0781","littorina_saxatalis","MA",NA,"NT",NA,NA,NA,NA,2019-08-01,NA,FALSE,NA,TRUE,TRUE,TRUE,FALSE,FALSE
"06","T2","0784","HS_RI_LO_06_0784","littorina_obtusata","RI",NA,"HS",NA,NA,NA,NA,2019-08-01,NA,FALSE,NA,TRUE,TRUE,TRUE,FALSE,FALSE
"06","T2","0791","CS_RI_LS_06_0791","littorina_saxatalis","RI",NA,"CS",NA,NA,NA,NA,2019-08-01,NA,FALSE,NA,TRUE,TRUE,TRUE,FALSE,FALSE
"06","T2","0799","NT_RI_LO_06_0799","littorina_obtusata","RI",NA,"NT",NA,NA,NA,NA,2019-08-01,NA,FALSE,NA,TRUE,TRUE,TRUE,FALSE,FALSE
"06","T3","0801","HS_RI_LL_06_0801","littorina_littorea","RI",NA,"HS",NA,NA,NA,NA,2019-08-01,NA,FALSE,NA,TRUE,TRUE,TRUE,FALSE,FALSE
"06","T1","0803","CS_RI_LO_06_0803","littorina_obtusata","RI",NA,"CS",NA,NA,NA,NA,2019-08-01,NA,FALSE,NA,TRUE,TRUE,TRUE,FALSE,FALSE
"06","T1","0806","NT_MA_LL_06_0806","littorina_littorea","MA",NA,"NT",NA,NA,NA,NA,2019-08-01,NA,FALSE,NA,TRUE,TRUE,TRUE,FALSE,FALSE
"06","T1","0808","NT_RI_LS_06_0808","littorina_saxatalis","RI",NA,"NT",NA,NA,NA,NA,2019-08-01,NA,FALSE,NA,TRUE,TRUE,TRUE,FALSE,FALSE
"06","T1","0830","CS_MA_LO_06_0830","littorina_obtusata","MA",NA,"CS",NA,NA,NA,NA,2019-08-01,NA,FALSE,NA,TRUE,TRUE,TRUE,FALSE,FALSE
"06","T2","0833","HS_RI_LO_06_0833","littorina_obtusata","RI",NA,"HS",NA,NA,NA,NA,2019-08-01,NA,FALSE,NA,TRUE,TRUE,TRUE,FALSE,FALSE
"06","T3","0838","NT_MA_LO_06_0838","littorina_obtusata","MA",NA,"NT",NA,NA,NA,NA,2019-08-01,NA,FALSE,NA,TRUE,TRUE,TRUE,FALSE,FALSE
"06","T1","0841","CS_MA_LS_06_0841","littorina_saxatalis","MA",NA,"CS",NA,NA,NA,NA,2019-08-01,NA,FALSE,NA,TRUE,TRUE,TRUE,FALSE,FALSE
"06","T3","0843","CS_MA_LO_06_0843","littorina_obtusata","MA",NA,"CS",NA,NA,NA,NA,2019-08-01,NA,FALSE,NA,TRUE,TRUE,TRUE,FALSE,FALSE
"06","T3","0847","CS_RI_LL_06_0847","littorina_littorea","RI",NA,"CS",NA,NA,NA,NA,2019-08-01,NA,FALSE,NA,TRUE,TRUE,TRUE,FALSE,FALSE
"06","T1","0864","CS_RI_LS_06_0864","littorina_saxatalis","RI",NA,"CS",NA,NA,NA,NA,2019-08-01,NA,FALSE,NA,TRUE,TRUE,TRUE,FALSE,FALSE
"06","T2","0869","HS_MA_LO_06_0869","littorina_obtusata","MA",NA,"HS",NA,NA,NA,NA,2019-08-01,NA,FALSE,NA,TRUE,TRUE,TRUE,FALSE,FALSE
"06","T1","0894","HS_MA_LL_06_0894","littorina_littorea","MA",NA,"HS",NA,NA,NA,NA,2019-08-01,NA,FALSE,NA,TRUE,TRUE,TRUE,FALSE,FALSE
"06","T2","0896","HS_RI_LS_06_0896","littorina_saxatalis","RI",NA,"HS",NA,NA,NA,NA,2019-08-01,NA,FALSE,NA,TRUE,TRUE,TRUE,FALSE,FALSE
"06","T2","0914","CS_RI_LL_06_0914","littorina_littorea","RI",NA,"CS",NA,NA,NA,NA,2019-08-01,NA,FALSE,NA,TRUE,TRUE,TRUE,FALSE,FALSE
"06","T1","0917","CS_MA_LL_06_0917","littorina_littorea","MA",NA,"CS",NA,NA,NA,NA,2019-08-01,NA,FALSE,NA,TRUE,TRUE,TRUE,FALSE,FALSE
"06","T2","0919","HS_MA_LL_06_0919","littorina_littorea","MA",NA,"HS",NA,NA,NA,NA,2019-08-01,NA,FALSE,NA,TRUE,TRUE,TRUE,FALSE,FALSE
"06","T1","0921","CS_RI_LO_06_0921","littorina_obtusata","RI",NA,"CS",NA,NA,NA,NA,2019-08-01,NA,FALSE,NA,TRUE,TRUE,TRUE,FALSE,FALSE
"06","T3","0925","HS_RI_LS_06_0925","littorina_saxatalis","RI",NA,"HS",NA,NA,NA,NA,2019-08-01,NA,FALSE,NA,TRUE,TRUE,TRUE,FALSE,FALSE
"06","T1","0951","HS_RI_LL_06_0951","littorina_littorea","RI",NA,"HS",NA,NA,NA,NA,2019-08-01,NA,FALSE,NA,TRUE,TRUE,TRUE,FALSE,FALSE
"06","T1","0956","CS_MA_LL_06_0956","littorina_littorea","MA",NA,"CS",NA,NA,NA,NA,2019-08-01,NA,FALSE,NA,TRUE,TRUE,TRUE,FALSE,FALSE
"06","T2","0960","CS_MA_LO_06_0960","littorina_obtusata","MA",NA,"CS",NA,NA,NA,NA,2019-08-01,NA,FALSE,NA,TRUE,TRUE,TRUE,FALSE,FALSE
"06","T2","0968","NT_RI_LO_06_0968","littorina_obtusata","RI",NA,"NT",NA,NA,NA,NA,2019-08-01,NA,FALSE,NA,TRUE,TRUE,TRUE,FALSE,FALSE
"06","T3","0973","HS_MA_LL_06_0973","littorina_littorea","MA",NA,"HS",NA,NA,NA,NA,2019-08-01,NA,FALSE,NA,TRUE,TRUE,TRUE,FALSE,FALSE
"06","T3","0974","HS_RI_LO_06_0974","littorina_obtusata","RI",NA,"HS",NA,NA,NA,NA,2019-08-01,NA,FALSE,NA,TRUE,TRUE,TRUE,FALSE,FALSE
"06","T2","0996","NT_RI_LS_06_0996","littorina_saxatalis","RI",NA,"NT",NA,NA,NA,NA,2019-08-01,NA,FALSE,NA,TRUE,TRUE,TRUE,FALSE,FALSE
"06","T1","0998","HS_MA_LO_06_0998","littorina_obtusata","MA",NA,"HS",NA,NA,NA,NA,2019-08-01,NA,FALSE,NA,TRUE,TRUE,TRUE,FALSE,FALSE
"06","T2","1023","NT_RI_LS_06_1023","littorina_saxatalis","RI",NA,"NT",NA,NA,NA,NA,2019-08-01,NA,FALSE,NA,TRUE,TRUE,TRUE,FALSE,FALSE
"06","T2","1037","NT_RI_LL_06_1037","littorina_littorea","RI",NA,"NT",NA,NA,NA,NA,2019-08-01,NA,FALSE,NA,TRUE,TRUE,TRUE,FALSE,FALSE
"06","T2","1038","CS_MA_LO_06_1038","littorina_obtusata","MA",NA,"CS",NA,NA,NA,NA,2019-08-01,NA,FALSE,NA,TRUE,TRUE,TRUE,FALSE,FALSE
"06","T1","1039","NT_MA_LO_06_1039","littorina_obtusata","MA",NA,"NT",NA,NA,NA,NA,2019-08-01,NA,FALSE,NA,TRUE,TRUE,TRUE,FALSE,FALSE
"06","T2","1045","HS_MA_LS_06_1045","littorina_saxatalis","MA",NA,"HS",NA,NA,NA,NA,2019-08-01,NA,FALSE,NA,TRUE,TRUE,TRUE,FALSE,FALSE
"06","T3","1052","CS_MA_LL_06_1052","littorina_littorea","MA",NA,"CS",NA,NA,NA,NA,2019-08-01,NA,FALSE,NA,TRUE,TRUE,TRUE,FALSE,FALSE
"06","T2","1055","NT_MA_LO_06_1055","littorina_obtusata","MA",NA,"NT",NA,NA,NA,NA,2019-08-01,NA,FALSE,NA,TRUE,TRUE,TRUE,FALSE,FALSE
"06","T2","1058","HS_RI_LL_06_1058","littorina_littorea","RI",NA,"HS",NA,NA,NA,NA,2019-08-01,NA,FALSE,NA,TRUE,TRUE,TRUE,FALSE,FALSE
"06","T3","1060","HS_RI_LL_06_1060","littorina_littorea","RI",NA,"HS",NA,NA,NA,NA,2019-08-01,NA,FALSE,NA,TRUE,TRUE,TRUE,FALSE,FALSE
"06","T1","1080","HS_RI_LS_06_1080","littorina_saxatalis","RI",NA,"HS",NA,NA,NA,NA,2019-08-01,NA,FALSE,NA,TRUE,TRUE,TRUE,FALSE,FALSE
